("kutu448",  (0,0,0), 93,118,80),
("kutu448",  (0,0,80), 93,118,80),
("kutu448",  (93,0,0), 93,118,80),
("kutu448",  (93,0,80), 93,118,80),
("kutu448",  (186,0,0), 93,118,80),
("kutu441",  (0,118,0), 72,115,64),
("kutu441",  (0,118,64), 72,115,64),
("kutu441",  (0,118,128), 72,115,64),
("kutu441",  (72,118,0), 72,115,64),
("kutu454",  (72,118,64), 68,103,65),
("kutu454",  (72,118,129), 68,103,65),
("kutu454",  (144,118,0), 68,103,65),
("kutu444",  (0,0,160), 96,97,46),
("kutu444",  (96,0,160), 96,97,46),
("kutu444",  (144,118,65), 96,97,46),
("kutu444",  (144,118,111), 96,97,46),
("kutu444",  (144,118,157), 96,97,46),
("kutu444",  (186,0,80), 96,97,46),
("kutu458",  (212,118,0), 69,91,49),
("kutu458",  (279,0,0), 69,91,49),
("kutu458",  (281,118,0), 69,91,49),
("kutu458",  (281,118,49), 69,91,49),
("kutu458",  (281,118,98), 69,91,49),
("kutu458",  (281,118,147), 69,91,49),
("kutu458",  (348,0,0), 69,91,49),
("kutu458",  (348,0,49), 69,91,49),
("kutu458",  (348,0,98), 69,91,49),
("kutu458",  (348,0,147), 69,91,49),
("kutu458",  (350,118,0), 69,91,49),
("kutu458",  (350,118,49), 69,91,49),
("kutu458",  (350,118,98), 69,91,49),
("kutu459",  (350,118,147), 61,90,42),
("kutu459",  (417,0,0), 61,90,42),
("kutu459",  (417,0,42), 61,90,42),
("kutu459",  (417,0,84), 61,90,42),
("kutu459",  (417,0,126), 61,90,42),
("kutu459",  (417,0,168), 61,90,42),
("kutu459",  (419,118,0), 61,90,42),
("kutu459",  (419,118,42), 61,90,42),
("kutu459",  (419,118,84), 61,90,42),
("kutu459",  (419,118,126), 61,90,42),
("kutu451",  (417,90,168), 62,88,41),
("kutu451",  (478,0,0), 62,88,41),
("kutu451",  (478,0,41), 62,88,41),
("kutu451",  (478,0,82), 62,88,41),
("kutu451",  (478,0,123), 62,88,41),
("kutu451",  (478,0,164), 62,88,41),
("kutu451",  (480,118,0), 62,88,41),
("kutu451",  (480,118,41), 62,88,41),
("kutu451",  (480,118,82), 62,88,41),
("kutu451",  (480,118,123), 62,88,41),
("kutu446",  (0,118,192), 69,90,28),
("kutu446",  (186,0,126), 69,90,28),
("kutu446",  (279,0,49), 69,90,28),
("kutu446",  (480,118,164), 69,90,28),
("kutu446",  (480,118,192), 69,90,28),
("kutu440",  (281,118,196), 81,84,23),
("kutu447",  (255,0,126), 51,56,49),
("kutu453",  (255,0,175), 47,105,28),
("kutu453",  (540,0,0), 47,105,28),
("kutu453",  (540,0,28), 47,105,28),
("kutu453",  (540,0,56), 47,105,28),
("kutu453",  (540,0,84), 47,105,28),
("kutu453",  (540,0,112), 47,105,28),
("kutu453",  (540,0,140), 47,105,28),
("kutu453",  (540,0,168), 47,105,28),
("kutu445",  (72,118,194), 43,95,25),
("kutu445",  (542,118,0), 43,95,25),
("kutu445",  (542,118,25), 43,95,25),
("kutu445",  (542,118,50), 43,95,25),
("kutu445",  (542,118,75), 43,95,25),
("kutu445",  (542,118,100), 43,95,25),
("kutu445",  (542,118,125), 43,95,25),
("kutu452",  (348,0,196), 53,87,21),
("kutu457",  (255,56,126), 31,44,29),
("kutu457",  (417,178,168), 31,44,29),
("kutu457",  (448,178,168), 31,44,29),
("kutu443",  (417,178,197), 37,40,22),
("kutu443",  (540,0,196), 37,40,22),
("kutu443",  (540,40,196), 37,40,22),
("kutu67",  (0,0,0), 72,115,64),
("kutu67",  (0,0,64), 72,115,64),
("kutu67",  (0,0,128), 72,115,64),
("kutu67",  (0,115,0), 72,115,64),
("kutu67",  (0,115,64), 72,115,64),
("kutu67",  (0,115,128), 72,115,64),
("kutu67",  (72,0,0), 72,115,64),
("kutu67",  (72,0,64), 72,115,64),
("kutu67",  (72,0,128), 72,115,64),
("kutu67",  (72,115,0), 72,115,64),
("kutu67",  (72,115,64), 72,115,64),
("kutu67",  (72,115,128), 72,115,64),
("kutu67",  (144,0,0), 72,115,64),
("kutu67",  (144,0,64), 72,115,64),
("kutu67",  (144,0,128), 72,115,64),
("kutu67",  (144,115,0), 72,115,64),
("kutu67",  (144,115,64), 72,115,64),
("kutu67",  (144,115,128), 72,115,64),
("kutu67",  (216,0,0), 72,115,64),
("kutu67",  (216,0,64), 72,115,64),
("kutu67",  (216,0,128), 72,115,64),
("kutu67",  (216,115,0), 72,115,64),
("kutu67",  (216,115,64), 72,115,64),
("kutu67",  (216,115,128), 72,115,64),
("kutu67",  (288,0,0), 72,115,64),
("kutu67",  (288,0,64), 72,115,64),
("kutu67",  (288,0,128), 72,115,64),
("kutu67",  (288,115,0), 72,115,64),
("kutu67",  (288,115,64), 72,115,64),
("kutu67",  (288,115,128), 72,115,64),
("kutu67",  (360,0,0), 72,115,64),
("kutu67",  (360,0,64), 72,115,64),
("kutu67",  (360,0,128), 72,115,64),
("kutu67",  (360,115,0), 72,115,64),
("kutu66",  (0,0,192), 81,84,23),
("kutu66",  (0,84,192), 81,84,23),
("kutu66",  (81,0,192), 81,84,23),
("kutu66",  (81,84,192), 81,84,23),
("kutu66",  (162,0,192), 81,84,23),
("kutu66",  (162,84,192), 81,84,23),
("kutu66",  (243,0,192), 81,84,23),
("kutu66",  (243,84,192), 81,84,23),
("kutu66",  (324,0,192), 81,84,23),
("kutu66",  (324,84,192), 81,84,23),
("kutu66",  (360,115,64), 81,84,23),
("kutu66",  (360,115,87), 81,84,23),
("kutu66",  (360,115,110), 81,84,23),
("kutu66",  (360,115,133), 81,84,23),
("kutu66",  (360,115,156), 81,84,23),
("kutu66",  (432,0,0), 81,84,23),
("kutu66",  (432,0,23), 81,84,23),
("kutu66",  (432,0,46), 81,84,23),
("kutu66",  (432,0,69), 81,84,23),
("kutu66",  (432,0,92), 81,84,23),
("kutu66",  (432,0,115), 81,84,23),
("kutu66",  (432,0,138), 81,84,23),
("kutu66",  (432,0,161), 81,84,23),
("kutu66",  (432,0,184), 81,84,23),
("kutu66",  (432,84,0), 81,84,23),
("kutu66",  (432,84,23), 81,84,23),
("kutu68",  (513,0,0), 49,77,25),
("kutu68",  (513,0,25), 49,77,25),
("kutu68",  (513,0,50), 49,77,25),
("kutu68",  (513,0,75), 49,77,25),
("kutu68",  (513,0,100), 49,77,25),
("kutu68",  (513,0,125), 49,77,25),
("kutu68",  (513,0,150), 49,77,25),
("kutu68",  (513,0,175), 49,77,25),
("kutu68",  (513,77,0), 49,77,25),
("kutu68",  (513,77,25), 49,77,25),
("kutu68",  (513,77,50), 49,77,25),
("kutu68",  (513,77,75), 49,77,25),
("kutu68",  (513,77,100), 49,77,25),
("kutu68",  (513,77,125), 49,77,25),
("kutu68",  (513,77,150), 49,77,25),
("kutu68",  (513,77,175), 49,77,25),
("kutu68",  (513,154,0), 49,77,25),
("kutu68",  (513,154,25), 49,77,25),
("kutu68",  (513,154,50), 49,77,25),
("kutu68",  (513,154,75), 49,77,25),
("kutu68",  (513,154,100), 49,77,25),
("kutu68",  (513,154,125), 49,77,25),
("kutu68",  (513,154,150), 49,77,25),
("kutu68",  (513,154,175), 49,77,25),
("kutu67",  (0,0,0), 72,115,64),
("kutu67",  (0,0,64), 72,115,64),
("kutu67",  (0,0,128), 72,115,64),
("kutu67",  (0,115,0), 72,115,64),
("kutu67",  (0,115,64), 72,115,64),
("kutu67",  (0,115,128), 72,115,64),
("kutu67",  (72,0,0), 72,115,64),
("kutu67",  (72,0,64), 72,115,64),
("kutu67",  (72,0,128), 72,115,64),
("kutu67",  (72,115,0), 72,115,64),
("kutu67",  (72,115,64), 72,115,64),
("kutu67",  (72,115,128), 72,115,64),
("kutu67",  (144,0,0), 72,115,64),
("kutu67",  (144,0,64), 72,115,64),
("kutu67",  (144,0,128), 72,115,64),
("kutu67",  (144,115,0), 72,115,64),
("kutu67",  (144,115,64), 72,115,64),
("kutu67",  (144,115,128), 72,115,64),
("kutu67",  (216,0,0), 72,115,64),
("kutu67",  (216,0,64), 72,115,64),
("kutu67",  (216,0,128), 72,115,64),
("kutu67",  (216,115,0), 72,115,64),
("kutu67",  (216,115,64), 72,115,64),
("kutu67",  (216,115,128), 72,115,64),
("kutu67",  (288,0,0), 72,115,64),
("kutu67",  (288,0,64), 72,115,64),
("kutu67",  (288,0,128), 72,115,64),
("kutu67",  (288,115,0), 72,115,64),
("kutu67",  (288,115,64), 72,115,64),
("kutu67",  (288,115,128), 72,115,64),
("kutu67",  (360,0,0), 72,115,64),
("kutu67",  (360,0,64), 72,115,64),
("kutu67",  (360,0,128), 72,115,64),
("kutu67",  (360,115,0), 72,115,64),
("kutu66",  (0,0,192), 81,84,23),
("kutu66",  (0,84,192), 81,84,23),
("kutu66",  (81,0,192), 81,84,23),
("kutu66",  (81,84,192), 81,84,23),
("kutu66",  (162,0,192), 81,84,23),
("kutu66",  (162,84,192), 81,84,23),
("kutu66",  (243,0,192), 81,84,23),
("kutu66",  (243,84,192), 81,84,23),
("kutu66",  (324,0,192), 81,84,23),
("kutu66",  (324,84,192), 81,84,23),
("kutu66",  (360,115,64), 81,84,23),
("kutu66",  (360,115,87), 81,84,23),
("kutu66",  (360,115,110), 81,84,23),
("kutu66",  (360,115,133), 81,84,23),
("kutu66",  (360,115,156), 81,84,23),
("kutu66",  (432,0,0), 81,84,23),
("kutu66",  (432,0,23), 81,84,23),
("kutu66",  (432,0,46), 81,84,23),
("kutu66",  (432,0,69), 81,84,23),
("kutu66",  (432,0,92), 81,84,23),
("kutu66",  (432,0,115), 81,84,23),
("kutu66",  (432,0,138), 81,84,23),
("kutu66",  (432,0,161), 81,84,23),
("kutu66",  (432,0,184), 81,84,23),
("kutu66",  (432,84,0), 81,84,23),
("kutu66",  (432,84,23), 81,84,23),
("kutu68",  (513,0,0), 49,77,25),
("kutu68",  (513,0,25), 49,77,25),
("kutu68",  (513,0,50), 49,77,25),
("kutu68",  (513,0,75), 49,77,25),
("kutu68",  (513,0,100), 49,77,25),
("kutu68",  (513,0,125), 49,77,25),
("kutu68",  (513,0,150), 49,77,25),
("kutu68",  (513,0,175), 49,77,25),
("kutu68",  (513,77,0), 49,77,25),
("kutu68",  (513,77,25), 49,77,25),
("kutu68",  (513,77,50), 49,77,25),
("kutu68",  (513,77,75), 49,77,25),
("kutu68",  (513,77,100), 49,77,25),
("kutu68",  (513,77,125), 49,77,25),
("kutu68",  (513,77,150), 49,77,25),
("kutu68",  (513,77,175), 49,77,25),
("kutu68",  (513,154,0), 49,77,25),
("kutu68",  (513,154,25), 49,77,25),
("kutu68",  (513,154,50), 49,77,25),
("kutu68",  (513,154,75), 49,77,25),
("kutu68",  (513,154,100), 49,77,25),
("kutu68",  (513,154,125), 49,77,25),
("kutu68",  (513,154,150), 49,77,25),
("kutu68",  (513,154,175), 49,77,25),
("kutu67",  (0,0,0), 72,115,64),
("kutu67",  (0,0,64), 72,115,64),
("kutu67",  (0,0,128), 72,115,64),
("kutu67",  (0,115,0), 72,115,64),
("kutu67",  (0,115,64), 72,115,64),
("kutu67",  (0,115,128), 72,115,64),
("kutu67",  (72,0,0), 72,115,64),
("kutu67",  (72,0,64), 72,115,64),
("kutu67",  (72,0,128), 72,115,64),
("kutu67",  (72,115,0), 72,115,64),
("kutu67",  (72,115,64), 72,115,64),
("kutu67",  (72,115,128), 72,115,64),
("kutu67",  (144,0,0), 72,115,64),
("kutu67",  (144,0,64), 72,115,64),
("kutu67",  (144,0,128), 72,115,64),
("kutu67",  (144,115,0), 72,115,64),
("kutu67",  (144,115,64), 72,115,64),
("kutu67",  (144,115,128), 72,115,64),
("kutu67",  (216,0,0), 72,115,64),
("kutu67",  (216,0,64), 72,115,64),
("kutu67",  (216,0,128), 72,115,64),
("kutu67",  (216,115,0), 72,115,64),
("kutu67",  (216,115,64), 72,115,64),
("kutu67",  (216,115,128), 72,115,64),
("kutu67",  (288,0,0), 72,115,64),
("kutu67",  (288,0,64), 72,115,64),
("kutu67",  (288,0,128), 72,115,64),
("kutu67",  (288,115,0), 72,115,64),
("kutu67",  (288,115,64), 72,115,64),
("kutu67",  (288,115,128), 72,115,64),
("kutu67",  (360,0,0), 72,115,64),
("kutu67",  (360,0,64), 72,115,64),
("kutu67",  (360,0,128), 72,115,64),
("kutu67",  (360,115,0), 72,115,64),
("kutu66",  (0,0,192), 81,84,23),
("kutu66",  (0,84,192), 81,84,23),
("kutu66",  (81,0,192), 81,84,23),
("kutu66",  (81,84,192), 81,84,23),
("kutu66",  (162,0,192), 81,84,23),
("kutu66",  (162,84,192), 81,84,23),
("kutu66",  (243,0,192), 81,84,23),
("kutu66",  (243,84,192), 81,84,23),
("kutu66",  (324,0,192), 81,84,23),
("kutu66",  (324,84,192), 81,84,23),
("kutu66",  (360,115,64), 81,84,23),
("kutu66",  (360,115,87), 81,84,23),
("kutu66",  (360,115,110), 81,84,23),
("kutu66",  (360,115,133), 81,84,23),
("kutu66",  (360,115,156), 81,84,23),
("kutu66",  (432,0,0), 81,84,23),
("kutu66",  (432,0,23), 81,84,23),
("kutu66",  (432,0,46), 81,84,23),
("kutu66",  (432,0,69), 81,84,23),
("kutu66",  (432,0,92), 81,84,23),
("kutu66",  (432,0,115), 81,84,23),
("kutu66",  (432,0,138), 81,84,23),
("kutu66",  (432,0,161), 81,84,23),
("kutu66",  (432,0,184), 81,84,23),
("kutu66",  (432,84,0), 81,84,23),
("kutu66",  (432,84,23), 81,84,23),
("kutu68",  (513,0,0), 49,77,25),
("kutu68",  (513,0,25), 49,77,25),
("kutu68",  (513,0,50), 49,77,25),
("kutu68",  (513,0,75), 49,77,25),
("kutu68",  (513,0,100), 49,77,25),
("kutu68",  (513,0,125), 49,77,25),
("kutu68",  (513,0,150), 49,77,25),
("kutu68",  (513,0,175), 49,77,25),
("kutu68",  (513,77,0), 49,77,25),
("kutu68",  (513,77,25), 49,77,25),
("kutu68",  (513,77,50), 49,77,25),
("kutu68",  (513,77,75), 49,77,25),
("kutu68",  (513,77,100), 49,77,25),
("kutu68",  (513,77,125), 49,77,25),
("kutu68",  (513,77,150), 49,77,25),
("kutu68",  (513,77,175), 49,77,25),
("kutu68",  (513,154,0), 49,77,25),
("kutu68",  (513,154,25), 49,77,25),
("kutu68",  (513,154,50), 49,77,25),
("kutu68",  (513,154,75), 49,77,25),
("kutu68",  (513,154,100), 49,77,25),
("kutu68",  (513,154,125), 49,77,25),
("kutu68",  (513,154,150), 49,77,25),
("kutu68",  (513,154,175), 49,77,25),
("kutu67",  (0,0,0), 72,115,64),
("kutu67",  (0,0,64), 72,115,64),
("kutu67",  (0,0,128), 72,115,64),
("kutu67",  (0,115,0), 72,115,64),
("kutu67",  (0,115,64), 72,115,64),
("kutu67",  (0,115,128), 72,115,64),
("kutu67",  (72,0,0), 72,115,64),
("kutu67",  (72,0,64), 72,115,64),
("kutu67",  (72,0,128), 72,115,64),
("kutu67",  (72,115,0), 72,115,64),
("kutu67",  (72,115,64), 72,115,64),
("kutu67",  (72,115,128), 72,115,64),
("kutu67",  (144,0,0), 72,115,64),
("kutu67",  (144,0,64), 72,115,64),
("kutu67",  (144,0,128), 72,115,64),
("kutu67",  (144,115,0), 72,115,64),
("kutu67",  (144,115,64), 72,115,64),
("kutu67",  (144,115,128), 72,115,64),
("kutu67",  (216,0,0), 72,115,64),
("kutu67",  (216,0,64), 72,115,64),
("kutu67",  (216,0,128), 72,115,64),
("kutu67",  (216,115,0), 72,115,64),
("kutu67",  (216,115,64), 72,115,64),
("kutu67",  (216,115,128), 72,115,64),
("kutu67",  (288,0,0), 72,115,64),
("kutu67",  (288,0,64), 72,115,64),
("kutu67",  (288,0,128), 72,115,64),
("kutu67",  (288,115,0), 72,115,64),
("kutu67",  (288,115,64), 72,115,64),
("kutu67",  (288,115,128), 72,115,64),
("kutu67",  (360,0,0), 72,115,64),
("kutu67",  (360,0,64), 72,115,64),
("kutu67",  (360,0,128), 72,115,64),
("kutu67",  (360,115,0), 72,115,64),
("kutu66",  (0,0,192), 81,84,23),
("kutu66",  (0,84,192), 81,84,23),
("kutu66",  (81,0,192), 81,84,23),
("kutu66",  (81,84,192), 81,84,23),
("kutu66",  (162,0,192), 81,84,23),
("kutu66",  (162,84,192), 81,84,23),
("kutu66",  (243,0,192), 81,84,23),
("kutu66",  (243,84,192), 81,84,23),
("kutu66",  (324,0,192), 81,84,23),
("kutu66",  (324,84,192), 81,84,23),
("kutu66",  (360,115,64), 81,84,23),
("kutu66",  (360,115,87), 81,84,23),
("kutu66",  (360,115,110), 81,84,23),
("kutu66",  (360,115,133), 81,84,23),
("kutu66",  (360,115,156), 81,84,23),
("kutu66",  (432,0,0), 81,84,23),
("kutu66",  (432,0,23), 81,84,23),
("kutu66",  (432,0,46), 81,84,23),
("kutu66",  (432,0,69), 81,84,23),
("kutu66",  (432,0,92), 81,84,23),
("kutu66",  (432,0,115), 81,84,23),
("kutu66",  (432,0,138), 81,84,23),
("kutu66",  (432,0,161), 81,84,23),
("kutu66",  (432,0,184), 81,84,23),
("kutu66",  (432,84,0), 81,84,23),
("kutu66",  (432,84,23), 81,84,23),
("kutu68",  (513,0,0), 49,77,25),
("kutu68",  (513,0,25), 49,77,25),
("kutu68",  (513,0,50), 49,77,25),
("kutu68",  (513,0,75), 49,77,25),
("kutu68",  (513,0,100), 49,77,25),
("kutu68",  (513,0,125), 49,77,25),
("kutu68",  (513,0,150), 49,77,25),
("kutu68",  (513,0,175), 49,77,25),
("kutu68",  (513,77,0), 49,77,25),
("kutu68",  (513,77,25), 49,77,25),
("kutu68",  (513,77,50), 49,77,25),
("kutu68",  (513,77,75), 49,77,25),
("kutu68",  (513,77,100), 49,77,25),
("kutu68",  (513,77,125), 49,77,25),
("kutu68",  (513,77,150), 49,77,25),
("kutu68",  (513,77,175), 49,77,25),
("kutu68",  (513,154,0), 49,77,25),
("kutu68",  (513,154,25), 49,77,25),
("kutu68",  (513,154,50), 49,77,25),
("kutu68",  (513,154,75), 49,77,25),
("kutu68",  (513,154,100), 49,77,25),
("kutu68",  (513,154,125), 49,77,25),
("kutu68",  (513,154,150), 49,77,25),
("kutu68",  (513,154,175), 49,77,25),
