("kutu1017",  (0,0,0), 76,91,62),
("kutu1017",  (0,0,62), 76,91,62),
("kutu1017",  (0,0,124), 76,91,62),
("kutu1017",  (0,91,0), 76,91,62),
("kutu1017",  (0,91,62), 76,91,62),
("kutu1017",  (0,91,124), 76,91,62),
("kutu1017",  (76,0,0), 76,91,62),
("kutu1017",  (76,0,62), 76,91,62),
("kutu1017",  (76,0,124), 76,91,62),
("kutu1013",  (76,91,0), 68,101,62),
("kutu1013",  (76,91,62), 68,101,62),
("kutu1013",  (76,91,124), 68,101,62),
("kutu1013",  (144,91,0), 68,101,62),
("kutu1013",  (144,91,62), 68,101,62),
("kutu1013",  (144,91,124), 68,101,62),
("kutu1015",  (152,0,0), 83,88,58),
("kutu1015",  (152,0,58), 83,88,58),
("kutu1015",  (152,0,116), 83,88,58),
("kutu1015",  (212,91,0), 83,88,58),
("kutu1015",  (212,91,58), 83,88,58),
("kutu1001",  (212,91,116), 73,97,49),
("kutu1001",  (212,91,165), 73,97,49),
("kutu1001",  (295,91,0), 73,97,49),
("kutu1001",  (295,91,49), 73,97,49),
("kutu1004",  (295,91,98), 63,109,37),
("kutu1004",  (295,91,135), 63,109,37),
("kutu1004",  (295,91,172), 63,109,37),
("kutu1004",  (368,91,0), 63,109,37),
("kutu1004",  (368,91,37), 63,109,37),
("kutu1004",  (368,91,74), 63,109,37),
("kutu1004",  (368,91,111), 63,109,37),
("kutu1004",  (368,91,148), 63,109,37),
("kutu1004",  (431,91,0), 63,109,37),
("kutu1004",  (431,91,37), 63,109,37),
("kutu1004",  (431,91,74), 63,109,37),
("kutu1014",  (152,0,174), 64,82,46),
("kutu1014",  (235,0,0), 64,82,46),
("kutu1014",  (235,0,46), 64,82,46),
("kutu1014",  (235,0,92), 64,82,46),
("kutu1014",  (235,0,138), 64,82,46),
("kutu1014",  (299,0,0), 64,82,46),
("kutu1014",  (299,0,46), 64,82,46),
("kutu1014",  (299,0,92), 64,82,46),
("kutu1010",  (299,0,138), 54,82,51),
("kutu1010",  (363,0,0), 54,82,51),
("kutu1010",  (363,0,51), 54,82,51),
("kutu1010",  (363,0,102), 54,82,51),
("kutu1010",  (363,0,153), 54,82,51),
("kutu1010",  (417,0,0), 54,82,51),
("kutu1010",  (417,0,51), 54,82,51),
("kutu1010",  (417,0,102), 54,82,51),
("kutu1010",  (417,0,153), 54,82,51),
("kutu1010",  (431,91,111), 54,82,51),
("kutu1012",  (431,91,162), 56,66,49),
("kutu1012",  (471,0,0), 56,66,49),
("kutu1012",  (471,0,49), 56,66,49),
("kutu1012",  (471,0,98), 56,66,49),
("kutu1012",  (471,0,147), 56,66,49),
("kutu1012",  (494,91,0), 56,66,49),
("kutu1012",  (494,91,49), 56,66,49),
("kutu1012",  (494,91,98), 56,66,49),
("kutu1002",  (494,91,147), 60,69,43),
("kutu1002",  (494,157,0), 60,69,43),
("kutu1002",  (494,157,43), 60,69,43),
("kutu1002",  (494,157,86), 60,69,43),
("kutu1002",  (527,0,0), 60,69,43),
("kutu1002",  (527,0,43), 60,69,43),
("kutu1002",  (527,0,86), 60,69,43),
("kutu1002",  (527,0,129), 60,69,43),
("kutu1016",  (0,0,186), 51,108,29),
("kutu1016",  (0,108,186), 51,108,29),
("kutu1016",  (51,0,186), 51,108,29),
("kutu1016",  (51,108,186), 51,108,29),
("kutu1016",  (102,108,186), 51,108,29),
("kutu1016",  (153,108,186), 51,108,29),
("kutu1016",  (368,91,185), 51,108,29),
("kutu1016",  (494,91,190), 51,108,29),
("kutu1000",  (235,0,184), 64,66,36),
("kutu1007",  (527,0,172), 50,65,39),
("kutu1008",  (102,0,186), 42,98,30),
("kutu1005",  (299,0,189), 57,79,24),
("kutu1009",  (212,179,0), 40,53,36),
("kutu1009",  (212,179,36), 40,53,36),
("kutu1009",  (212,179,72), 40,53,36),
("kutu1009",  (252,179,0), 40,53,36),
("kutu1009",  (252,179,36), 40,53,36),
("kutu1009",  (252,179,72), 40,53,36),
("kutu1009",  (431,173,111), 40,53,36),
("kutu1009",  (431,173,147), 40,53,36),
("kutu1009",  (431,173,183), 40,53,36),
("kutu1018",  (550,91,0), 32,61,25),
("kutu1018",  (550,91,25), 32,61,25),
("kutu1018",  (550,91,50), 32,61,25),
("kutu1018",  (550,91,75), 32,61,25),
("kutu1018",  (550,91,100), 32,61,25),
("kutu1018",  (554,157,0), 32,61,25),
("kutu1018",  (554,157,25), 32,61,25),
("kutu1003",  (471,0,196), 37,52,20),
("kutu1003",  (550,91,125), 37,52,20),
("kutu151",  (0,0,0), 73,97,49),
("kutu151",  (0,0,49), 73,97,49),
("kutu151",  (0,0,98), 73,97,49),
("kutu151",  (0,0,147), 73,97,49),
("kutu151",  (0,97,0), 73,97,49),
("kutu151",  (0,97,49), 73,97,49),
("kutu151",  (0,97,98), 73,97,49),
("kutu151",  (0,97,147), 73,97,49),
("kutu151",  (73,0,0), 73,97,49),
("kutu151",  (73,0,49), 73,97,49),
("kutu151",  (73,0,98), 73,97,49),
("kutu151",  (73,0,147), 73,97,49),
("kutu151",  (73,97,0), 73,97,49),
("kutu151",  (73,97,49), 73,97,49),
("kutu151",  (73,97,98), 73,97,49),
("kutu151",  (73,97,147), 73,97,49),
("kutu151",  (146,0,0), 73,97,49),
("kutu151",  (146,0,49), 73,97,49),
("kutu151",  (146,0,98), 73,97,49),
("kutu151",  (146,0,147), 73,97,49),
("kutu151",  (146,97,0), 73,97,49),
("kutu151",  (146,97,49), 73,97,49),
("kutu151",  (146,97,98), 73,97,49),
("kutu151",  (146,97,147), 73,97,49),
("kutu151",  (219,0,0), 73,97,49),
("kutu151",  (219,0,49), 73,97,49),
("kutu151",  (219,0,98), 73,97,49),
("kutu151",  (219,0,147), 73,97,49),
("kutu151",  (219,97,0), 73,97,49),
("kutu151",  (219,97,49), 73,97,49),
("kutu151",  (219,97,98), 73,97,49),
("kutu151",  (219,97,147), 73,97,49),
("kutu151",  (292,0,0), 73,97,49),
("kutu151",  (292,0,49), 73,97,49),
("kutu151",  (292,0,98), 73,97,49),
("kutu151",  (292,0,147), 73,97,49),
("kutu151",  (292,97,0), 73,97,49),
("kutu151",  (292,97,49), 73,97,49),
("kutu151",  (292,97,98), 73,97,49),
("kutu151",  (292,97,147), 73,97,49),
("kutu151",  (365,0,0), 73,97,49),
("kutu151",  (365,0,49), 73,97,49),
("kutu151",  (365,0,98), 73,97,49),
("kutu151",  (365,0,147), 73,97,49),
("kutu151",  (365,97,0), 73,97,49),
("kutu151",  (365,97,49), 73,97,49),
("kutu151",  (365,97,98), 73,97,49),
("kutu151",  (365,97,147), 73,97,49),
("kutu151",  (438,0,0), 73,97,49),
("kutu152",  (438,0,49), 60,69,43),
("kutu152",  (438,0,92), 60,69,43),
("kutu152",  (438,0,135), 60,69,43),
("kutu152",  (438,97,0), 60,69,43),
("kutu152",  (438,97,43), 60,69,43),
("kutu152",  (438,97,86), 60,69,43),
("kutu152",  (438,97,129), 60,69,43),
("kutu152",  (438,97,172), 60,69,43),
("kutu152",  (498,97,0), 60,69,43),
("kutu152",  (498,97,43), 60,69,43),
("kutu152",  (498,97,86), 60,69,43),
("kutu152",  (498,97,129), 60,69,43),
("kutu152",  (498,97,172), 60,69,43),
("kutu152",  (511,0,0), 60,69,43),
("kutu152",  (511,0,43), 60,69,43),
("kutu152",  (511,0,86), 60,69,43),
("kutu152",  (511,0,129), 60,69,43),
("kutu152",  (511,0,172), 60,69,43),
("kutu150",  (438,0,178), 64,66,36),
("kutu150",  (438,166,0), 64,66,36),
("kutu150",  (438,166,36), 64,66,36),
("kutu150",  (438,166,72), 64,66,36),
("kutu150",  (438,166,108), 64,66,36),
("kutu150",  (438,166,144), 64,66,36),
("kutu150",  (438,166,180), 64,66,36),
("kutu150",  (502,166,0), 64,66,36),
("kutu150",  (502,166,36), 64,66,36),
("kutu150",  (502,166,72), 64,66,36),
("kutu150",  (502,166,108), 64,66,36),
("kutu150",  (502,166,144), 64,66,36),
("kutu150",  (502,166,180), 64,66,36),
("kutu151",  (0,0,0), 73,97,49),
("kutu151",  (0,0,49), 73,97,49),
("kutu151",  (0,0,98), 73,97,49),
("kutu151",  (0,0,147), 73,97,49),
("kutu151",  (0,97,0), 73,97,49),
("kutu151",  (0,97,49), 73,97,49),
("kutu151",  (0,97,98), 73,97,49),
("kutu151",  (0,97,147), 73,97,49),
("kutu151",  (73,0,0), 73,97,49),
("kutu151",  (73,0,49), 73,97,49),
("kutu151",  (73,0,98), 73,97,49),
("kutu151",  (73,0,147), 73,97,49),
("kutu151",  (73,97,0), 73,97,49),
("kutu151",  (73,97,49), 73,97,49),
("kutu151",  (73,97,98), 73,97,49),
("kutu151",  (73,97,147), 73,97,49),
("kutu151",  (146,0,0), 73,97,49),
("kutu151",  (146,0,49), 73,97,49),
("kutu151",  (146,0,98), 73,97,49),
("kutu151",  (146,0,147), 73,97,49),
("kutu151",  (146,97,0), 73,97,49),
("kutu151",  (146,97,49), 73,97,49),
("kutu151",  (146,97,98), 73,97,49),
("kutu151",  (146,97,147), 73,97,49),
("kutu151",  (219,0,0), 73,97,49),
("kutu151",  (219,0,49), 73,97,49),
("kutu151",  (219,0,98), 73,97,49),
("kutu151",  (219,0,147), 73,97,49),
("kutu151",  (219,97,0), 73,97,49),
("kutu151",  (219,97,49), 73,97,49),
("kutu151",  (219,97,98), 73,97,49),
("kutu151",  (219,97,147), 73,97,49),
("kutu151",  (292,0,0), 73,97,49),
("kutu151",  (292,0,49), 73,97,49),
("kutu151",  (292,0,98), 73,97,49),
("kutu151",  (292,0,147), 73,97,49),
("kutu151",  (292,97,0), 73,97,49),
("kutu151",  (292,97,49), 73,97,49),
("kutu151",  (292,97,98), 73,97,49),
("kutu151",  (292,97,147), 73,97,49),
("kutu151",  (365,0,0), 73,97,49),
("kutu151",  (365,0,49), 73,97,49),
("kutu151",  (365,0,98), 73,97,49),
("kutu151",  (365,0,147), 73,97,49),
("kutu151",  (365,97,0), 73,97,49),
("kutu151",  (365,97,49), 73,97,49),
("kutu151",  (365,97,98), 73,97,49),
("kutu151",  (365,97,147), 73,97,49),
("kutu151",  (438,0,0), 73,97,49),
("kutu152",  (438,0,49), 60,69,43),
("kutu152",  (438,0,92), 60,69,43),
("kutu152",  (438,0,135), 60,69,43),
("kutu152",  (438,97,0), 60,69,43),
("kutu152",  (438,97,43), 60,69,43),
("kutu152",  (438,97,86), 60,69,43),
("kutu152",  (438,97,129), 60,69,43),
("kutu152",  (438,97,172), 60,69,43),
("kutu152",  (498,97,0), 60,69,43),
("kutu152",  (498,97,43), 60,69,43),
("kutu152",  (498,97,86), 60,69,43),
("kutu152",  (498,97,129), 60,69,43),
("kutu152",  (498,97,172), 60,69,43),
("kutu152",  (511,0,0), 60,69,43),
("kutu152",  (511,0,43), 60,69,43),
("kutu152",  (511,0,86), 60,69,43),
("kutu152",  (511,0,129), 60,69,43),
("kutu152",  (511,0,172), 60,69,43),
("kutu150",  (438,0,178), 64,66,36),
("kutu150",  (438,166,0), 64,66,36),
("kutu150",  (438,166,36), 64,66,36),
("kutu150",  (438,166,72), 64,66,36),
("kutu150",  (438,166,108), 64,66,36),
("kutu150",  (438,166,144), 64,66,36),
("kutu150",  (438,166,180), 64,66,36),
("kutu150",  (502,166,0), 64,66,36),
("kutu150",  (502,166,36), 64,66,36),
("kutu150",  (502,166,72), 64,66,36),
("kutu150",  (502,166,108), 64,66,36),
("kutu150",  (502,166,144), 64,66,36),
("kutu150",  (502,166,180), 64,66,36),
("kutu151",  (0,0,0), 73,97,49),
("kutu151",  (0,0,49), 73,97,49),
("kutu151",  (0,0,98), 73,97,49),
("kutu151",  (0,0,147), 73,97,49),
("kutu151",  (0,97,0), 73,97,49),
("kutu151",  (0,97,49), 73,97,49),
("kutu151",  (0,97,98), 73,97,49),
("kutu151",  (0,97,147), 73,97,49),
("kutu151",  (73,0,0), 73,97,49),
("kutu151",  (73,0,49), 73,97,49),
("kutu151",  (73,0,98), 73,97,49),
("kutu151",  (73,0,147), 73,97,49),
("kutu151",  (73,97,0), 73,97,49),
("kutu151",  (73,97,49), 73,97,49),
("kutu151",  (73,97,98), 73,97,49),
("kutu151",  (73,97,147), 73,97,49),
("kutu151",  (146,0,0), 73,97,49),
("kutu151",  (146,0,49), 73,97,49),
("kutu151",  (146,0,98), 73,97,49),
("kutu151",  (146,0,147), 73,97,49),
("kutu151",  (146,97,0), 73,97,49),
("kutu151",  (146,97,49), 73,97,49),
("kutu151",  (146,97,98), 73,97,49),
("kutu151",  (146,97,147), 73,97,49),
("kutu151",  (219,0,0), 73,97,49),
("kutu151",  (219,0,49), 73,97,49),
("kutu151",  (219,0,98), 73,97,49),
("kutu151",  (219,0,147), 73,97,49),
("kutu151",  (219,97,0), 73,97,49),
("kutu151",  (219,97,49), 73,97,49),
("kutu151",  (219,97,98), 73,97,49),
("kutu151",  (219,97,147), 73,97,49),
("kutu151",  (292,0,0), 73,97,49),
("kutu151",  (292,0,49), 73,97,49),
("kutu151",  (292,0,98), 73,97,49),
("kutu151",  (292,0,147), 73,97,49),
("kutu151",  (292,97,0), 73,97,49),
("kutu151",  (292,97,49), 73,97,49),
("kutu151",  (292,97,98), 73,97,49),
("kutu151",  (292,97,147), 73,97,49),
("kutu151",  (365,0,0), 73,97,49),
("kutu151",  (365,0,49), 73,97,49),
("kutu151",  (365,0,98), 73,97,49),
("kutu151",  (365,0,147), 73,97,49),
("kutu151",  (365,97,0), 73,97,49),
("kutu151",  (365,97,49), 73,97,49),
("kutu151",  (365,97,98), 73,97,49),
("kutu151",  (365,97,147), 73,97,49),
("kutu151",  (438,0,0), 73,97,49),
("kutu152",  (438,0,49), 60,69,43),
("kutu152",  (438,0,92), 60,69,43),
("kutu152",  (438,0,135), 60,69,43),
("kutu152",  (438,97,0), 60,69,43),
("kutu152",  (438,97,43), 60,69,43),
("kutu152",  (438,97,86), 60,69,43),
("kutu152",  (438,97,129), 60,69,43),
("kutu152",  (438,97,172), 60,69,43),
("kutu152",  (498,97,0), 60,69,43),
("kutu152",  (498,97,43), 60,69,43),
("kutu152",  (498,97,86), 60,69,43),
("kutu152",  (498,97,129), 60,69,43),
("kutu152",  (498,97,172), 60,69,43),
("kutu152",  (511,0,0), 60,69,43),
("kutu152",  (511,0,43), 60,69,43),
("kutu152",  (511,0,86), 60,69,43),
("kutu152",  (511,0,129), 60,69,43),
("kutu152",  (511,0,172), 60,69,43),
("kutu150",  (438,0,178), 64,66,36),
("kutu150",  (438,166,0), 64,66,36),
("kutu150",  (438,166,36), 64,66,36),
("kutu150",  (438,166,72), 64,66,36),
("kutu150",  (438,166,108), 64,66,36),
("kutu150",  (438,166,144), 64,66,36),
("kutu150",  (438,166,180), 64,66,36),
("kutu150",  (502,166,0), 64,66,36),
("kutu150",  (502,166,36), 64,66,36),
("kutu150",  (502,166,72), 64,66,36),
("kutu150",  (502,166,108), 64,66,36),
("kutu150",  (502,166,144), 64,66,36),
("kutu150",  (502,166,180), 64,66,36),
("kutu151",  (0,0,0), 73,97,49),
("kutu151",  (0,0,49), 73,97,49),
("kutu151",  (0,0,98), 73,97,49),
("kutu151",  (0,0,147), 73,97,49),
("kutu151",  (0,97,0), 73,97,49),
("kutu151",  (0,97,49), 73,97,49),
("kutu151",  (0,97,98), 73,97,49),
("kutu151",  (0,97,147), 73,97,49),
("kutu151",  (73,0,0), 73,97,49),
("kutu151",  (73,0,49), 73,97,49),
("kutu151",  (73,0,98), 73,97,49),
("kutu151",  (73,0,147), 73,97,49),
("kutu151",  (73,97,0), 73,97,49),
("kutu151",  (73,97,49), 73,97,49),
("kutu151",  (73,97,98), 73,97,49),
("kutu151",  (73,97,147), 73,97,49),
("kutu151",  (146,0,0), 73,97,49),
("kutu151",  (146,0,49), 73,97,49),
("kutu151",  (146,0,98), 73,97,49),
("kutu151",  (146,0,147), 73,97,49),
("kutu151",  (146,97,0), 73,97,49),
("kutu151",  (146,97,49), 73,97,49),
("kutu151",  (146,97,98), 73,97,49),
("kutu151",  (146,97,147), 73,97,49),
("kutu151",  (219,0,0), 73,97,49),
("kutu151",  (219,0,49), 73,97,49),
("kutu151",  (219,0,98), 73,97,49),
("kutu151",  (219,0,147), 73,97,49),
("kutu151",  (219,97,0), 73,97,49),
("kutu151",  (219,97,49), 73,97,49),
("kutu151",  (219,97,98), 73,97,49),
("kutu151",  (219,97,147), 73,97,49),
("kutu151",  (292,0,0), 73,97,49),
("kutu151",  (292,0,49), 73,97,49),
("kutu151",  (292,0,98), 73,97,49),
("kutu151",  (292,0,147), 73,97,49),
("kutu151",  (292,97,0), 73,97,49),
("kutu151",  (292,97,49), 73,97,49),
("kutu151",  (292,97,98), 73,97,49),
("kutu151",  (292,97,147), 73,97,49),
("kutu151",  (365,0,0), 73,97,49),
("kutu151",  (365,0,49), 73,97,49),
("kutu151",  (365,0,98), 73,97,49),
("kutu151",  (365,0,147), 73,97,49),
("kutu151",  (365,97,0), 73,97,49),
("kutu151",  (365,97,49), 73,97,49),
("kutu151",  (365,97,98), 73,97,49),
("kutu151",  (365,97,147), 73,97,49),
("kutu151",  (438,0,0), 73,97,49),
("kutu152",  (438,0,49), 60,69,43),
("kutu152",  (438,0,92), 60,69,43),
("kutu152",  (438,0,135), 60,69,43),
("kutu152",  (438,97,0), 60,69,43),
("kutu152",  (438,97,43), 60,69,43),
("kutu152",  (438,97,86), 60,69,43),
("kutu152",  (438,97,129), 60,69,43),
("kutu152",  (438,97,172), 60,69,43),
("kutu152",  (498,97,0), 60,69,43),
("kutu152",  (498,97,43), 60,69,43),
("kutu152",  (498,97,86), 60,69,43),
("kutu152",  (498,97,129), 60,69,43),
("kutu152",  (498,97,172), 60,69,43),
("kutu152",  (511,0,0), 60,69,43),
("kutu152",  (511,0,43), 60,69,43),
("kutu152",  (511,0,86), 60,69,43),
("kutu152",  (511,0,129), 60,69,43),
("kutu152",  (511,0,172), 60,69,43),
("kutu150",  (438,0,178), 64,66,36),
("kutu150",  (438,166,0), 64,66,36),
("kutu150",  (438,166,36), 64,66,36),
("kutu150",  (438,166,72), 64,66,36),
("kutu150",  (438,166,108), 64,66,36),
("kutu150",  (438,166,144), 64,66,36),
("kutu150",  (438,166,180), 64,66,36),
("kutu150",  (502,166,0), 64,66,36),
("kutu150",  (502,166,36), 64,66,36),
("kutu150",  (502,166,72), 64,66,36),
("kutu150",  (502,166,108), 64,66,36),
("kutu150",  (502,166,144), 64,66,36),
("kutu150",  (502,166,180), 64,66,36),
