("kutu143",  (0,0,0), 99,104,74),
("kutu143",  (0,0,74), 99,104,74),
("kutu143",  (0,104,0), 99,104,74),
("kutu143",  (0,104,74), 99,104,74),
("kutu143",  (99,0,0), 99,104,74),
("kutu143",  (99,0,74), 99,104,74),
("kutu146",  (0,0,148), 85,90,59),
("kutu146",  (0,90,148), 85,90,59),
("kutu146",  (85,0,148), 85,90,59),
("kutu146",  (99,104,0), 85,90,59),
("kutu146",  (99,104,59), 85,90,59),
("kutu146",  (99,104,118), 85,90,59),
("kutu146",  (184,104,0), 85,90,59),
("kutu155",  (184,104,59), 81,89,62),
("kutu155",  (184,104,121), 81,89,62),
("kutu155",  (198,0,0), 81,89,62),
("kutu155",  (198,0,62), 81,89,62),
("kutu155",  (198,0,124), 81,89,62),
("kutu147",  (269,104,0), 74,115,44),
("kutu147",  (269,104,44), 74,115,44),
("kutu147",  (269,104,88), 74,115,44),
("kutu147",  (269,104,132), 74,115,44),
("kutu149",  (279,0,0), 76,81,55),
("kutu149",  (279,0,55), 76,81,55),
("kutu149",  (279,0,110), 76,81,55),
("kutu149",  (279,0,165), 76,81,55),
("kutu149",  (343,104,0), 76,81,55),
("kutu149",  (343,104,55), 76,81,55),
("kutu149",  (343,104,110), 76,81,55),
("kutu149",  (343,104,165), 76,81,55),
("kutu149",  (355,0,0), 76,81,55),
("kutu145",  (184,104,183), 98,99,33),
("kutu145",  (355,0,55), 98,99,33),
("kutu145",  (355,0,88), 98,99,33),
("kutu145",  (355,0,121), 98,99,33),
("kutu145",  (355,0,154), 98,99,33),
("kutu145",  (355,0,187), 98,99,33),
("kutu150",  (99,104,177), 84,118,27),
("kutu150",  (419,104,0), 84,118,27),
("kutu150",  (419,104,27), 84,118,27),
("kutu150",  (419,104,54), 84,118,27),
("kutu150",  (419,104,81), 84,118,27),
("kutu150",  (419,104,108), 84,118,27),
("kutu150",  (419,104,135), 84,118,27),
("kutu150",  (419,104,162), 84,118,27),
("kutu150",  (419,104,189), 84,118,27),
("kutu157",  (431,0,0), 72,72,51),
("kutu157",  (503,0,0), 72,72,51),
("kutu157",  (503,0,51), 72,72,51),
("kutu157",  (503,0,102), 72,72,51),
("kutu157",  (503,0,153), 72,72,51),
("kutu157",  (503,72,0), 72,72,51),
("kutu157",  (503,72,51), 72,72,51),
("kutu157",  (503,72,102), 72,72,51),
("kutu140",  (503,72,153), 58,75,57),
("kutu140",  (503,144,0), 58,75,57),
("kutu140",  (503,144,57), 58,75,57),
("kutu142",  (503,144,114), 74,79,35),
("kutu156",  (198,0,186), 54,95,28),
("kutu159",  (0,180,148), 33,40,23),
("kutu159",  (0,180,171), 33,40,23),
("kutu159",  (0,180,194), 33,40,23),
("kutu159",  (33,180,148), 33,40,23),
("kutu159",  (33,180,171), 33,40,23),
("kutu159",  (33,180,194), 33,40,23),
("kutu21",  (0,0,0), 58,75,57),
("kutu21",  (0,0,57), 58,75,57),
("kutu21",  (0,0,114), 58,75,57),
("kutu21",  (0,75,0), 58,75,57),
("kutu21",  (0,75,57), 58,75,57),
("kutu21",  (0,75,114), 58,75,57),
("kutu21",  (0,150,0), 58,75,57),
("kutu21",  (0,150,57), 58,75,57),
("kutu21",  (0,150,114), 58,75,57),
("kutu21",  (58,0,0), 58,75,57),
("kutu21",  (58,0,57), 58,75,57),
("kutu21",  (58,0,114), 58,75,57),
("kutu21",  (58,75,0), 58,75,57),
("kutu21",  (58,75,57), 58,75,57),
("kutu21",  (58,75,114), 58,75,57),
("kutu21",  (58,150,0), 58,75,57),
("kutu21",  (58,150,57), 58,75,57),
("kutu21",  (58,150,114), 58,75,57),
("kutu21",  (116,0,0), 58,75,57),
("kutu21",  (116,0,57), 58,75,57),
("kutu21",  (116,0,114), 58,75,57),
("kutu21",  (116,75,0), 58,75,57),
("kutu21",  (116,75,57), 58,75,57),
("kutu21",  (116,75,114), 58,75,57),
("kutu21",  (116,150,0), 58,75,57),
("kutu21",  (116,150,57), 58,75,57),
("kutu21",  (116,150,114), 58,75,57),
("kutu21",  (174,0,0), 58,75,57),
("kutu21",  (174,0,57), 58,75,57),
("kutu21",  (174,0,114), 58,75,57),
("kutu21",  (174,75,0), 58,75,57),
("kutu21",  (174,75,57), 58,75,57),
("kutu21",  (174,75,114), 58,75,57),
("kutu21",  (174,150,0), 58,75,57),
("kutu21",  (174,150,57), 58,75,57),
("kutu21",  (174,150,114), 58,75,57),
("kutu21",  (232,0,0), 58,75,57),
("kutu21",  (232,0,57), 58,75,57),
("kutu21",  (232,0,114), 58,75,57),
("kutu21",  (232,75,0), 58,75,57),
("kutu21",  (232,75,57), 58,75,57),
("kutu21",  (232,75,114), 58,75,57),
("kutu21",  (232,150,0), 58,75,57),
("kutu21",  (232,150,57), 58,75,57),
("kutu21",  (232,150,114), 58,75,57),
("kutu21",  (290,0,0), 58,75,57),
("kutu21",  (290,0,57), 58,75,57),
("kutu21",  (290,0,114), 58,75,57),
("kutu21",  (290,75,0), 58,75,57),
("kutu21",  (290,75,57), 58,75,57),
("kutu21",  (290,75,114), 58,75,57),
("kutu21",  (290,150,0), 58,75,57),
("kutu21",  (290,150,57), 58,75,57),
("kutu21",  (290,150,114), 58,75,57),
("kutu21",  (348,0,0), 58,75,57),
("kutu21",  (348,0,57), 58,75,57),
("kutu21",  (348,0,114), 58,75,57),
("kutu21",  (348,75,0), 58,75,57),
("kutu23",  (0,0,171), 74,79,35),
("kutu23",  (0,79,171), 74,79,35),
("kutu23",  (74,0,171), 74,79,35),
("kutu23",  (74,79,171), 74,79,35),
("kutu23",  (148,0,171), 74,79,35),
("kutu23",  (148,79,171), 74,79,35),
("kutu23",  (222,0,171), 74,79,35),
("kutu23",  (222,79,171), 74,79,35),
("kutu23",  (296,0,171), 74,79,35),
("kutu23",  (296,79,171), 74,79,35),
("kutu23",  (348,75,57), 74,79,35),
("kutu23",  (348,75,92), 74,79,35),
("kutu23",  (348,75,127), 74,79,35),
("kutu23",  (348,150,0), 74,79,35),
("kutu23",  (406,0,0), 74,79,35),
("kutu23",  (422,150,0), 74,79,35),
("kutu23",  (422,150,35), 74,79,35),
("kutu23",  (422,150,70), 74,79,35),
("kutu23",  (422,150,105), 74,79,35),
("kutu23",  (422,150,140), 74,79,35),
("kutu23",  (422,150,175), 74,79,35),
("kutu23",  (480,0,0), 74,79,35),
("kutu23",  (480,0,35), 74,79,35),
("kutu23",  (480,0,70), 74,79,35),
("kutu23",  (480,0,105), 74,79,35),
("kutu23",  (480,0,140), 74,79,35),
("kutu23",  (480,0,175), 74,79,35),
("kutu23",  (496,150,0), 74,79,35),
("kutu23",  (496,150,35), 74,79,35),
("kutu23",  (496,150,70), 74,79,35),
("kutu23",  (496,150,105), 74,79,35),
("kutu23",  (496,150,140), 74,79,35),
("kutu23",  (496,150,175), 74,79,35),
("kutu22",  (0,158,171), 37,57,30),
("kutu22",  (37,158,171), 37,57,30),
("kutu22",  (74,158,171), 37,57,30),
("kutu22",  (111,158,171), 37,57,30),
("kutu22",  (148,158,171), 37,57,30),
("kutu22",  (185,158,171), 37,57,30),
("kutu22",  (222,158,171), 37,57,30),
("kutu22",  (259,158,171), 37,57,30),
("kutu22",  (296,158,171), 37,57,30),
("kutu22",  (370,0,171), 37,57,30),
("kutu22",  (406,0,35), 37,57,30),
("kutu22",  (406,0,65), 37,57,30),
("kutu22",  (406,0,95), 37,57,30),
("kutu22",  (406,0,125), 37,57,30),
("kutu22",  (406,79,0), 37,57,30),
("kutu22",  (443,0,35), 37,57,30),
("kutu22",  (443,0,65), 37,57,30),
("kutu22",  (443,0,95), 37,57,30),
("kutu22",  (443,0,125), 37,57,30),
("kutu22",  (443,0,155), 37,57,30),
("kutu22",  (443,0,185), 37,57,30),
("kutu22",  (443,79,0), 37,57,30),
("kutu22",  (443,79,30), 37,57,30),
("kutu22",  (443,79,60), 37,57,30),
("kutu22",  (443,79,90), 37,57,30),
("kutu22",  (443,79,120), 37,57,30),
("kutu22",  (443,79,150), 37,57,30),
("kutu22",  (443,79,180), 37,57,30),
("kutu22",  (480,79,0), 37,57,30),
("kutu22",  (480,79,30), 37,57,30),
("kutu22",  (480,79,60), 37,57,30),
("kutu22",  (480,79,90), 37,57,30),
("kutu22",  (480,79,120), 37,57,30),
("kutu22",  (480,79,150), 37,57,30),
("kutu22",  (480,79,180), 37,57,30),
("kutu22",  (517,79,0), 37,57,30),
("kutu22",  (517,79,30), 37,57,30),
("kutu22",  (517,79,60), 37,57,30),
("kutu22",  (517,79,90), 37,57,30),
("kutu22",  (517,79,120), 37,57,30),
("kutu22",  (517,79,150), 37,57,30),
("kutu22",  (517,79,180), 37,57,30),
("kutu21",  (0,0,0), 58,75,57),
("kutu21",  (0,0,57), 58,75,57),
("kutu21",  (0,0,114), 58,75,57),
("kutu21",  (0,75,0), 58,75,57),
("kutu21",  (0,75,57), 58,75,57),
("kutu21",  (0,75,114), 58,75,57),
("kutu21",  (0,150,0), 58,75,57),
("kutu21",  (0,150,57), 58,75,57),
("kutu21",  (0,150,114), 58,75,57),
("kutu21",  (58,0,0), 58,75,57),
("kutu21",  (58,0,57), 58,75,57),
("kutu21",  (58,0,114), 58,75,57),
("kutu21",  (58,75,0), 58,75,57),
("kutu21",  (58,75,57), 58,75,57),
("kutu21",  (58,75,114), 58,75,57),
("kutu21",  (58,150,0), 58,75,57),
("kutu21",  (58,150,57), 58,75,57),
("kutu21",  (58,150,114), 58,75,57),
("kutu21",  (116,0,0), 58,75,57),
("kutu21",  (116,0,57), 58,75,57),
("kutu21",  (116,0,114), 58,75,57),
("kutu21",  (116,75,0), 58,75,57),
("kutu21",  (116,75,57), 58,75,57),
("kutu21",  (116,75,114), 58,75,57),
("kutu21",  (116,150,0), 58,75,57),
("kutu21",  (116,150,57), 58,75,57),
("kutu21",  (116,150,114), 58,75,57),
("kutu21",  (174,0,0), 58,75,57),
("kutu21",  (174,0,57), 58,75,57),
("kutu21",  (174,0,114), 58,75,57),
("kutu21",  (174,75,0), 58,75,57),
("kutu21",  (174,75,57), 58,75,57),
("kutu21",  (174,75,114), 58,75,57),
("kutu21",  (174,150,0), 58,75,57),
("kutu21",  (174,150,57), 58,75,57),
("kutu21",  (174,150,114), 58,75,57),
("kutu21",  (232,0,0), 58,75,57),
("kutu21",  (232,0,57), 58,75,57),
("kutu21",  (232,0,114), 58,75,57),
("kutu21",  (232,75,0), 58,75,57),
("kutu21",  (232,75,57), 58,75,57),
("kutu21",  (232,75,114), 58,75,57),
("kutu21",  (232,150,0), 58,75,57),
("kutu21",  (232,150,57), 58,75,57),
("kutu21",  (232,150,114), 58,75,57),
("kutu21",  (290,0,0), 58,75,57),
("kutu21",  (290,0,57), 58,75,57),
("kutu21",  (290,0,114), 58,75,57),
("kutu21",  (290,75,0), 58,75,57),
("kutu21",  (290,75,57), 58,75,57),
("kutu21",  (290,75,114), 58,75,57),
("kutu21",  (290,150,0), 58,75,57),
("kutu21",  (290,150,57), 58,75,57),
("kutu21",  (290,150,114), 58,75,57),
("kutu21",  (348,0,0), 58,75,57),
("kutu21",  (348,0,57), 58,75,57),
("kutu21",  (348,0,114), 58,75,57),
("kutu21",  (348,75,0), 58,75,57),
("kutu23",  (0,0,171), 74,79,35),
("kutu23",  (0,79,171), 74,79,35),
("kutu23",  (74,0,171), 74,79,35),
("kutu23",  (74,79,171), 74,79,35),
("kutu23",  (148,0,171), 74,79,35),
("kutu23",  (148,79,171), 74,79,35),
("kutu23",  (222,0,171), 74,79,35),
("kutu23",  (222,79,171), 74,79,35),
("kutu23",  (296,0,171), 74,79,35),
("kutu23",  (296,79,171), 74,79,35),
("kutu23",  (348,75,57), 74,79,35),
("kutu23",  (348,75,92), 74,79,35),
("kutu23",  (348,75,127), 74,79,35),
("kutu23",  (348,150,0), 74,79,35),
("kutu23",  (406,0,0), 74,79,35),
("kutu23",  (422,150,0), 74,79,35),
("kutu23",  (422,150,35), 74,79,35),
("kutu23",  (422,150,70), 74,79,35),
("kutu23",  (422,150,105), 74,79,35),
("kutu23",  (422,150,140), 74,79,35),
("kutu23",  (422,150,175), 74,79,35),
("kutu23",  (480,0,0), 74,79,35),
("kutu23",  (480,0,35), 74,79,35),
("kutu23",  (480,0,70), 74,79,35),
("kutu23",  (480,0,105), 74,79,35),
("kutu23",  (480,0,140), 74,79,35),
("kutu23",  (480,0,175), 74,79,35),
("kutu23",  (496,150,0), 74,79,35),
("kutu23",  (496,150,35), 74,79,35),
("kutu23",  (496,150,70), 74,79,35),
("kutu23",  (496,150,105), 74,79,35),
("kutu23",  (496,150,140), 74,79,35),
("kutu23",  (496,150,175), 74,79,35),
("kutu22",  (0,158,171), 37,57,30),
("kutu22",  (37,158,171), 37,57,30),
("kutu22",  (74,158,171), 37,57,30),
("kutu22",  (111,158,171), 37,57,30),
("kutu22",  (148,158,171), 37,57,30),
("kutu22",  (185,158,171), 37,57,30),
("kutu22",  (222,158,171), 37,57,30),
("kutu22",  (259,158,171), 37,57,30),
("kutu22",  (296,158,171), 37,57,30),
("kutu22",  (370,0,171), 37,57,30),
("kutu22",  (406,0,35), 37,57,30),
("kutu22",  (406,0,65), 37,57,30),
("kutu22",  (406,0,95), 37,57,30),
("kutu22",  (406,0,125), 37,57,30),
("kutu22",  (406,79,0), 37,57,30),
("kutu22",  (443,0,35), 37,57,30),
("kutu22",  (443,0,65), 37,57,30),
("kutu22",  (443,0,95), 37,57,30),
("kutu22",  (443,0,125), 37,57,30),
("kutu22",  (443,0,155), 37,57,30),
("kutu22",  (443,0,185), 37,57,30),
("kutu22",  (443,79,0), 37,57,30),
("kutu22",  (443,79,30), 37,57,30),
("kutu22",  (443,79,60), 37,57,30),
("kutu22",  (443,79,90), 37,57,30),
("kutu22",  (443,79,120), 37,57,30),
("kutu22",  (443,79,150), 37,57,30),
("kutu22",  (443,79,180), 37,57,30),
("kutu22",  (480,79,0), 37,57,30),
("kutu22",  (480,79,30), 37,57,30),
("kutu22",  (480,79,60), 37,57,30),
("kutu22",  (480,79,90), 37,57,30),
("kutu22",  (480,79,120), 37,57,30),
("kutu22",  (480,79,150), 37,57,30),
("kutu22",  (480,79,180), 37,57,30),
("kutu22",  (517,79,0), 37,57,30),
("kutu22",  (517,79,30), 37,57,30),
("kutu22",  (517,79,60), 37,57,30),
("kutu22",  (517,79,90), 37,57,30),
("kutu22",  (517,79,120), 37,57,30),
("kutu22",  (517,79,150), 37,57,30),
("kutu22",  (517,79,180), 37,57,30),
("kutu21",  (0,0,0), 58,75,57),
("kutu21",  (0,0,57), 58,75,57),
("kutu21",  (0,0,114), 58,75,57),
("kutu21",  (0,75,0), 58,75,57),
("kutu21",  (0,75,57), 58,75,57),
("kutu21",  (0,75,114), 58,75,57),
("kutu21",  (0,150,0), 58,75,57),
("kutu21",  (0,150,57), 58,75,57),
("kutu21",  (0,150,114), 58,75,57),
("kutu21",  (58,0,0), 58,75,57),
("kutu21",  (58,0,57), 58,75,57),
("kutu21",  (58,0,114), 58,75,57),
("kutu21",  (58,75,0), 58,75,57),
("kutu21",  (58,75,57), 58,75,57),
("kutu21",  (58,75,114), 58,75,57),
("kutu21",  (58,150,0), 58,75,57),
("kutu21",  (58,150,57), 58,75,57),
("kutu21",  (58,150,114), 58,75,57),
("kutu21",  (116,0,0), 58,75,57),
("kutu21",  (116,0,57), 58,75,57),
("kutu21",  (116,0,114), 58,75,57),
("kutu21",  (116,75,0), 58,75,57),
("kutu21",  (116,75,57), 58,75,57),
("kutu21",  (116,75,114), 58,75,57),
("kutu21",  (116,150,0), 58,75,57),
("kutu21",  (116,150,57), 58,75,57),
("kutu21",  (116,150,114), 58,75,57),
("kutu21",  (174,0,0), 58,75,57),
("kutu21",  (174,0,57), 58,75,57),
("kutu21",  (174,0,114), 58,75,57),
("kutu21",  (174,75,0), 58,75,57),
("kutu21",  (174,75,57), 58,75,57),
("kutu21",  (174,75,114), 58,75,57),
("kutu21",  (174,150,0), 58,75,57),
("kutu21",  (174,150,57), 58,75,57),
("kutu21",  (174,150,114), 58,75,57),
("kutu21",  (232,0,0), 58,75,57),
("kutu21",  (232,0,57), 58,75,57),
("kutu21",  (232,0,114), 58,75,57),
("kutu21",  (232,75,0), 58,75,57),
("kutu21",  (232,75,57), 58,75,57),
("kutu21",  (232,75,114), 58,75,57),
("kutu21",  (232,150,0), 58,75,57),
("kutu21",  (232,150,57), 58,75,57),
("kutu21",  (232,150,114), 58,75,57),
("kutu21",  (290,0,0), 58,75,57),
("kutu21",  (290,0,57), 58,75,57),
("kutu21",  (290,0,114), 58,75,57),
("kutu21",  (290,75,0), 58,75,57),
("kutu21",  (290,75,57), 58,75,57),
("kutu21",  (290,75,114), 58,75,57),
("kutu21",  (290,150,0), 58,75,57),
("kutu21",  (290,150,57), 58,75,57),
("kutu21",  (290,150,114), 58,75,57),
("kutu21",  (348,0,0), 58,75,57),
("kutu21",  (348,0,57), 58,75,57),
("kutu21",  (348,0,114), 58,75,57),
("kutu21",  (348,75,0), 58,75,57),
("kutu23",  (0,0,171), 74,79,35),
("kutu23",  (0,79,171), 74,79,35),
("kutu23",  (74,0,171), 74,79,35),
("kutu23",  (74,79,171), 74,79,35),
("kutu23",  (148,0,171), 74,79,35),
("kutu23",  (148,79,171), 74,79,35),
("kutu23",  (222,0,171), 74,79,35),
("kutu23",  (222,79,171), 74,79,35),
("kutu23",  (296,0,171), 74,79,35),
("kutu23",  (296,79,171), 74,79,35),
("kutu23",  (348,75,57), 74,79,35),
("kutu23",  (348,75,92), 74,79,35),
("kutu23",  (348,75,127), 74,79,35),
("kutu23",  (348,150,0), 74,79,35),
("kutu23",  (406,0,0), 74,79,35),
("kutu23",  (422,150,0), 74,79,35),
("kutu23",  (422,150,35), 74,79,35),
("kutu23",  (422,150,70), 74,79,35),
("kutu23",  (422,150,105), 74,79,35),
("kutu23",  (422,150,140), 74,79,35),
("kutu23",  (422,150,175), 74,79,35),
("kutu23",  (480,0,0), 74,79,35),
("kutu23",  (480,0,35), 74,79,35),
("kutu23",  (480,0,70), 74,79,35),
("kutu23",  (480,0,105), 74,79,35),
("kutu23",  (480,0,140), 74,79,35),
("kutu23",  (480,0,175), 74,79,35),
("kutu23",  (496,150,0), 74,79,35),
("kutu23",  (496,150,35), 74,79,35),
("kutu23",  (496,150,70), 74,79,35),
("kutu23",  (496,150,105), 74,79,35),
("kutu23",  (496,150,140), 74,79,35),
("kutu23",  (496,150,175), 74,79,35),
("kutu22",  (0,158,171), 37,57,30),
("kutu22",  (37,158,171), 37,57,30),
("kutu22",  (74,158,171), 37,57,30),
("kutu22",  (111,158,171), 37,57,30),
("kutu22",  (148,158,171), 37,57,30),
("kutu22",  (185,158,171), 37,57,30),
("kutu22",  (222,158,171), 37,57,30),
("kutu22",  (259,158,171), 37,57,30),
("kutu22",  (296,158,171), 37,57,30),
("kutu22",  (370,0,171), 37,57,30),
("kutu22",  (406,0,35), 37,57,30),
("kutu22",  (406,0,65), 37,57,30),
("kutu22",  (406,0,95), 37,57,30),
("kutu22",  (406,0,125), 37,57,30),
("kutu22",  (406,79,0), 37,57,30),
("kutu22",  (443,0,35), 37,57,30),
("kutu22",  (443,0,65), 37,57,30),
("kutu22",  (443,0,95), 37,57,30),
("kutu22",  (443,0,125), 37,57,30),
("kutu22",  (443,0,155), 37,57,30),
("kutu22",  (443,0,185), 37,57,30),
("kutu22",  (443,79,0), 37,57,30),
("kutu22",  (443,79,30), 37,57,30),
("kutu22",  (443,79,60), 37,57,30),
("kutu22",  (443,79,90), 37,57,30),
("kutu22",  (443,79,120), 37,57,30),
("kutu22",  (443,79,150), 37,57,30),
("kutu22",  (443,79,180), 37,57,30),
("kutu22",  (480,79,0), 37,57,30),
("kutu22",  (480,79,30), 37,57,30),
("kutu22",  (480,79,60), 37,57,30),
("kutu22",  (480,79,90), 37,57,30),
("kutu22",  (480,79,120), 37,57,30),
("kutu22",  (480,79,150), 37,57,30),
("kutu22",  (480,79,180), 37,57,30),
("kutu22",  (517,79,0), 37,57,30),
("kutu22",  (517,79,30), 37,57,30),
("kutu22",  (517,79,60), 37,57,30),
("kutu22",  (517,79,90), 37,57,30),
("kutu22",  (517,79,120), 37,57,30),
("kutu22",  (517,79,150), 37,57,30),
("kutu22",  (517,79,180), 37,57,30),
("kutu21",  (0,0,0), 58,75,57),
("kutu21",  (0,0,57), 58,75,57),
("kutu21",  (0,0,114), 58,75,57),
("kutu21",  (0,75,0), 58,75,57),
("kutu21",  (0,75,57), 58,75,57),
("kutu21",  (0,75,114), 58,75,57),
("kutu21",  (0,150,0), 58,75,57),
("kutu21",  (0,150,57), 58,75,57),
("kutu21",  (0,150,114), 58,75,57),
("kutu21",  (58,0,0), 58,75,57),
("kutu21",  (58,0,57), 58,75,57),
("kutu21",  (58,0,114), 58,75,57),
("kutu21",  (58,75,0), 58,75,57),
("kutu21",  (58,75,57), 58,75,57),
("kutu21",  (58,75,114), 58,75,57),
("kutu21",  (58,150,0), 58,75,57),
("kutu21",  (58,150,57), 58,75,57),
("kutu21",  (58,150,114), 58,75,57),
("kutu21",  (116,0,0), 58,75,57),
("kutu21",  (116,0,57), 58,75,57),
("kutu21",  (116,0,114), 58,75,57),
("kutu21",  (116,75,0), 58,75,57),
("kutu21",  (116,75,57), 58,75,57),
("kutu21",  (116,75,114), 58,75,57),
("kutu21",  (116,150,0), 58,75,57),
("kutu21",  (116,150,57), 58,75,57),
("kutu21",  (116,150,114), 58,75,57),
("kutu21",  (174,0,0), 58,75,57),
("kutu21",  (174,0,57), 58,75,57),
("kutu21",  (174,0,114), 58,75,57),
("kutu21",  (174,75,0), 58,75,57),
("kutu21",  (174,75,57), 58,75,57),
("kutu21",  (174,75,114), 58,75,57),
("kutu21",  (174,150,0), 58,75,57),
("kutu21",  (174,150,57), 58,75,57),
("kutu21",  (174,150,114), 58,75,57),
("kutu21",  (232,0,0), 58,75,57),
("kutu21",  (232,0,57), 58,75,57),
("kutu21",  (232,0,114), 58,75,57),
("kutu21",  (232,75,0), 58,75,57),
("kutu21",  (232,75,57), 58,75,57),
("kutu21",  (232,75,114), 58,75,57),
("kutu21",  (232,150,0), 58,75,57),
("kutu21",  (232,150,57), 58,75,57),
("kutu21",  (232,150,114), 58,75,57),
("kutu21",  (290,0,0), 58,75,57),
("kutu21",  (290,0,57), 58,75,57),
("kutu21",  (290,0,114), 58,75,57),
("kutu21",  (290,75,0), 58,75,57),
("kutu21",  (290,75,57), 58,75,57),
("kutu21",  (290,75,114), 58,75,57),
("kutu21",  (290,150,0), 58,75,57),
("kutu21",  (290,150,57), 58,75,57),
("kutu21",  (290,150,114), 58,75,57),
("kutu21",  (348,0,0), 58,75,57),
("kutu21",  (348,0,57), 58,75,57),
("kutu21",  (348,0,114), 58,75,57),
("kutu21",  (348,75,0), 58,75,57),
("kutu23",  (0,0,171), 74,79,35),
("kutu23",  (0,79,171), 74,79,35),
("kutu23",  (74,0,171), 74,79,35),
("kutu23",  (74,79,171), 74,79,35),
("kutu23",  (148,0,171), 74,79,35),
("kutu23",  (148,79,171), 74,79,35),
("kutu23",  (222,0,171), 74,79,35),
("kutu23",  (222,79,171), 74,79,35),
("kutu23",  (296,0,171), 74,79,35),
("kutu23",  (296,79,171), 74,79,35),
("kutu23",  (348,75,57), 74,79,35),
("kutu23",  (348,75,92), 74,79,35),
("kutu23",  (348,75,127), 74,79,35),
("kutu23",  (348,150,0), 74,79,35),
("kutu23",  (406,0,0), 74,79,35),
("kutu23",  (422,150,0), 74,79,35),
("kutu23",  (422,150,35), 74,79,35),
("kutu23",  (422,150,70), 74,79,35),
("kutu23",  (422,150,105), 74,79,35),
("kutu23",  (422,150,140), 74,79,35),
("kutu23",  (422,150,175), 74,79,35),
("kutu23",  (480,0,0), 74,79,35),
("kutu23",  (480,0,35), 74,79,35),
("kutu23",  (480,0,70), 74,79,35),
("kutu23",  (480,0,105), 74,79,35),
("kutu23",  (480,0,140), 74,79,35),
("kutu23",  (480,0,175), 74,79,35),
("kutu23",  (496,150,0), 74,79,35),
("kutu23",  (496,150,35), 74,79,35),
("kutu23",  (496,150,70), 74,79,35),
("kutu23",  (496,150,105), 74,79,35),
("kutu23",  (496,150,140), 74,79,35),
("kutu23",  (496,150,175), 74,79,35),
("kutu22",  (0,158,171), 37,57,30),
("kutu22",  (37,158,171), 37,57,30),
("kutu22",  (74,158,171), 37,57,30),
("kutu22",  (111,158,171), 37,57,30),
("kutu22",  (148,158,171), 37,57,30),
("kutu22",  (185,158,171), 37,57,30),
("kutu22",  (222,158,171), 37,57,30),
("kutu22",  (259,158,171), 37,57,30),
("kutu22",  (296,158,171), 37,57,30),
("kutu22",  (370,0,171), 37,57,30),
("kutu22",  (406,0,35), 37,57,30),
("kutu22",  (406,0,65), 37,57,30),
("kutu22",  (406,0,95), 37,57,30),
("kutu22",  (406,0,125), 37,57,30),
("kutu22",  (406,79,0), 37,57,30),
("kutu22",  (443,0,35), 37,57,30),
("kutu22",  (443,0,65), 37,57,30),
("kutu22",  (443,0,95), 37,57,30),
("kutu22",  (443,0,125), 37,57,30),
("kutu22",  (443,0,155), 37,57,30),
("kutu22",  (443,0,185), 37,57,30),
("kutu22",  (443,79,0), 37,57,30),
("kutu22",  (443,79,30), 37,57,30),
("kutu22",  (443,79,60), 37,57,30),
("kutu22",  (443,79,90), 37,57,30),
("kutu22",  (443,79,120), 37,57,30),
("kutu22",  (443,79,150), 37,57,30),
("kutu22",  (443,79,180), 37,57,30),
("kutu22",  (480,79,0), 37,57,30),
("kutu22",  (480,79,30), 37,57,30),
("kutu22",  (480,79,60), 37,57,30),
("kutu22",  (480,79,90), 37,57,30),
("kutu22",  (480,79,120), 37,57,30),
("kutu22",  (480,79,150), 37,57,30),
("kutu22",  (480,79,180), 37,57,30),
("kutu22",  (517,79,0), 37,57,30),
("kutu22",  (517,79,30), 37,57,30),
("kutu22",  (517,79,60), 37,57,30),
("kutu22",  (517,79,90), 37,57,30),
("kutu22",  (517,79,120), 37,57,30),
("kutu22",  (517,79,150), 37,57,30),
("kutu22",  (517,79,180), 37,57,30),
