("kutu1511",  (0,0,0), 91,113,76),
("kutu1511",  (0,0,76), 91,113,76),
("kutu1511",  (0,113,0), 91,113,76),
("kutu1511",  (0,113,76), 91,113,76),
("kutu1511",  (91,0,0), 91,113,76),
("kutu1511",  (91,0,76), 91,113,76),
("kutu1511",  (91,113,0), 91,113,76),
("kutu1511",  (91,113,76), 91,113,76),
("kutu1511",  (182,0,0), 91,113,76),
("kutu1511",  (182,0,76), 91,113,76),
("kutu1511",  (182,113,0), 91,113,76),
("kutu1516",  (0,0,152), 83,110,67),
("kutu1516",  (0,110,152), 83,110,67),
("kutu1516",  (83,0,152), 83,110,67),
("kutu1516",  (83,110,152), 83,110,67),
("kutu1506",  (182,113,76), 72,93,71),
("kutu1506",  (182,113,147), 72,93,71),
("kutu1506",  (273,0,0), 72,93,71),
("kutu1506",  (273,0,71), 72,93,71),
("kutu1506",  (273,0,142), 72,93,71),
("kutu1506",  (273,93,0), 72,93,71),
("kutu1506",  (273,93,71), 72,93,71),
("kutu1506",  (273,93,142), 72,93,71),
("kutu1503",  (166,0,152), 77,92,61),
("kutu1503",  (345,0,0), 77,92,61),
("kutu1503",  (345,0,61), 77,92,61),
("kutu1503",  (345,0,122), 77,92,61),
("kutu1505",  (345,92,0), 72,108,50),
("kutu1505",  (345,92,50), 72,108,50),
("kutu1505",  (345,92,100), 72,108,50),
("kutu1505",  (345,92,150), 72,108,50),
("kutu1505",  (417,92,0), 72,108,50),
("kutu1505",  (417,92,50), 72,108,50),
("kutu1505",  (417,92,100), 72,108,50),
("kutu1508",  (417,92,150), 66,79,49),
("kutu1508",  (422,0,0), 66,79,49),
("kutu1508",  (422,0,49), 66,79,49),
("kutu1508",  (422,0,98), 66,79,49),
("kutu1508",  (422,0,147), 66,79,49),
("kutu1509",  (488,0,0), 74,85,39),
("kutu1509",  (488,0,39), 74,85,39),
("kutu1509",  (488,0,78), 74,85,39),
("kutu1517",  (489,92,0), 56,119,36),
("kutu1513",  (489,92,36), 80,103,27),
("kutu1513",  (489,92,63), 80,103,27),
("kutu1513",  (489,92,90), 80,103,27),
("kutu1513",  (489,92,117), 80,103,27),
("kutu1515",  (489,92,144), 66,112,29),
("kutu1515",  (489,92,173), 66,112,29),
("kutu1514",  (345,0,183), 66,74,31),
("kutu1514",  (488,0,117), 66,74,31),
("kutu1514",  (488,0,148), 66,74,31),
("kutu1514",  (488,0,179), 66,74,31),
("kutu1512",  (417,171,150), 49,57,43),
("kutu1510",  (545,92,0), 34,106,33),
("kutu1504",  (417,171,193), 44,58,27),
("kutu226",  (0,0,0), 45,98,28),
("kutu226",  (0,0,28), 45,98,28),
("kutu226",  (0,0,84), 45,98,28),
("kutu226",  (0,0,112), 45,98,28),
("kutu226",  (0,0,140), 45,98,28),
("kutu226",  (0,0,168), 45,98,28),
("kutu226",  (0,98,0), 45,98,28),
("kutu226",  (0,98,28), 45,98,28),
("kutu226",  (0,98,56), 45,98,28),
("kutu226",  (0,98,84), 45,98,28),
("kutu226",  (0,98,112), 45,98,28),
("kutu226",  (0,98,140), 45,98,28),
("kutu226",  (0,98,168), 45,98,28),
("kutu226",  (45,0,0), 45,98,28),
("kutu226",  (45,0,28), 45,98,28),
("kutu226",  (45,0,56), 45,98,28),
("kutu226",  (45,0,84), 45,98,28),
("kutu226",  (45,0,140), 45,98,28),
("kutu226",  (45,0,168), 45,98,28),
("kutu226",  (45,98,0), 45,98,28),
("kutu226",  (45,98,28), 45,98,28),
("kutu226",  (45,98,56), 45,98,28),
("kutu226",  (45,98,84), 45,98,28),
("kutu226",  (45,98,112), 45,98,28),
("kutu226",  (45,98,140), 45,98,28),
("kutu226",  (45,98,168), 45,98,28),
("kutu226",  (90,0,0), 45,98,28),
("kutu226",  (90,0,28), 45,98,28),
("kutu226",  (90,0,56), 45,98,28),
("kutu226",  (90,0,84), 45,98,28),
("kutu226",  (90,0,112), 45,98,28),
("kutu226",  (90,0,140), 45,98,28),
("kutu226",  (90,0,168), 45,98,28),
("kutu226",  (90,98,0), 45,98,28),
("kutu226",  (90,98,28), 45,98,28),
("kutu226",  (90,98,56), 45,98,28),
("kutu226",  (90,98,84), 45,98,28),
("kutu226",  (90,98,112), 45,98,28),
("kutu226",  (90,98,140), 45,98,28),
("kutu226",  (90,98,168), 45,98,28),
("kutu226",  (135,0,0), 45,98,28),
("kutu226",  (135,0,28), 45,98,28),
("kutu226",  (135,0,56), 45,98,28),
("kutu226",  (135,0,84), 45,98,28),
("kutu226",  (135,0,112), 45,98,28),
("kutu226",  (135,0,140), 45,98,28),
("kutu226",  (135,0,168), 45,98,28),
("kutu226",  (135,98,0), 45,98,28),
("kutu226",  (135,98,28), 45,98,28),
("kutu226",  (135,98,56), 45,98,28),
("kutu226",  (135,98,84), 45,98,28),
("kutu226",  (135,98,112), 45,98,28),
("kutu226",  (135,98,140), 45,98,28),
("kutu226",  (135,98,168), 45,98,28),
("kutu226",  (180,0,0), 45,98,28),
("kutu226",  (180,0,28), 45,98,28),
("kutu226",  (180,0,56), 45,98,28),
("kutu226",  (180,0,84), 45,98,28),
("kutu226",  (180,0,112), 45,98,28),
("kutu226",  (180,0,140), 45,98,28),
("kutu226",  (180,0,168), 45,98,28),
("kutu226",  (180,98,0), 45,98,28),
("kutu226",  (180,98,28), 45,98,28),
("kutu226",  (180,98,56), 45,98,28),
("kutu226",  (180,98,84), 45,98,28),
("kutu226",  (180,98,112), 45,98,28),
("kutu226",  (180,98,140), 45,98,28),
("kutu226",  (180,98,168), 45,98,28),
("kutu226",  (225,0,0), 45,98,28),
("kutu226",  (225,0,28), 45,98,28),
("kutu226",  (225,0,56), 45,98,28),
("kutu226",  (225,0,84), 45,98,28),
("kutu226",  (225,0,112), 45,98,28),
("kutu226",  (225,0,140), 45,98,28),
("kutu226",  (225,0,168), 45,98,28),
("kutu226",  (225,98,0), 45,98,28),
("kutu226",  (225,98,28), 45,98,28),
("kutu226",  (225,98,56), 45,98,28),
("kutu226",  (225,98,84), 45,98,28),
("kutu226",  (225,98,112), 45,98,28),
("kutu226",  (225,98,140), 45,98,28),
("kutu226",  (225,98,168), 45,98,28),
("kutu226",  (270,0,0), 45,98,28),
("kutu226",  (270,0,28), 45,98,28),
("kutu226",  (270,0,56), 45,98,28),
("kutu226",  (270,0,84), 45,98,28),
("kutu226",  (270,0,112), 45,98,28),
("kutu226",  (270,0,140), 45,98,28),
("kutu226",  (270,0,168), 45,98,28),
("kutu226",  (270,98,0), 45,98,28),
("kutu226",  (270,98,28), 45,98,28),
("kutu226",  (270,98,56), 45,98,28),
("kutu226",  (270,98,84), 45,98,28),
("kutu227",  (270,98,112), 58,61,32),
("kutu227",  (270,98,144), 58,61,32),
("kutu227",  (270,98,176), 58,61,32),
("kutu227",  (315,0,0), 58,61,32),
("kutu227",  (315,0,32), 58,61,32),
("kutu227",  (315,0,64), 58,61,32),
("kutu227",  (315,0,96), 58,61,32),
("kutu227",  (315,0,128), 58,61,32),
("kutu227",  (315,0,160), 58,61,32),
("kutu227",  (315,61,0), 58,61,32),
("kutu227",  (315,61,32), 58,61,32),
("kutu227",  (315,61,64), 58,61,32),
("kutu227",  (315,122,0), 58,61,32),
("kutu227",  (315,122,32), 58,61,32),
("kutu227",  (315,122,64), 58,61,32),
("kutu227",  (373,0,0), 58,61,32),
("kutu227",  (373,0,32), 58,61,32),
("kutu227",  (373,0,64), 58,61,32),
("kutu227",  (373,0,96), 58,61,32),
("kutu227",  (373,0,128), 58,61,32),
("kutu227",  (373,0,160), 58,61,32),
("kutu227",  (373,61,0), 58,61,32),
("kutu227",  (373,61,32), 58,61,32),
("kutu227",  (373,61,64), 58,61,32),
("kutu227",  (373,61,96), 58,61,32),
("kutu227",  (373,61,128), 58,61,32),
("kutu227",  (373,61,160), 58,61,32),
("kutu227",  (373,122,0), 58,61,32),
("kutu227",  (373,122,32), 58,61,32),
("kutu227",  (373,122,96), 58,61,32),
("kutu227",  (373,122,128), 58,61,32),
("kutu227",  (373,122,160), 58,61,32),
("kutu227",  (431,0,0), 58,61,32),
("kutu227",  (431,0,32), 58,61,32),
("kutu227",  (431,0,64), 58,61,32),
("kutu227",  (431,0,96), 58,61,32),
("kutu227",  (431,0,128), 58,61,32),
("kutu227",  (431,0,160), 58,61,32),
("kutu227",  (431,61,0), 58,61,32),
("kutu227",  (431,61,32), 58,61,32),
("kutu227",  (431,61,64), 58,61,32),
("kutu227",  (431,61,96), 58,61,32),
("kutu227",  (431,61,128), 58,61,32),
("kutu227",  (431,61,160), 58,61,32),
("kutu227",  (431,122,0), 58,61,32),
("kutu227",  (431,122,32), 58,61,32),
("kutu227",  (431,122,64), 58,61,32),
("kutu227",  (431,122,96), 58,61,32),
("kutu227",  (431,122,128), 58,61,32),
("kutu227",  (431,122,160), 58,61,32),
("kutu227",  (489,0,0), 58,61,32),
("kutu227",  (489,0,32), 58,61,32),
("kutu227",  (489,0,64), 58,61,32),
("kutu227",  (489,0,96), 58,61,32),
("kutu227",  (489,0,128), 58,61,32),
("kutu227",  (489,61,0), 58,61,32),
("kutu227",  (489,61,32), 58,61,32),
("kutu227",  (489,61,64), 58,61,32),
("kutu227",  (489,61,96), 58,61,32),
("kutu227",  (489,61,128), 58,61,32),
("kutu227",  (489,61,160), 58,61,32),
("kutu227",  (489,122,0), 58,61,32),
("kutu227",  (489,122,32), 58,61,32),
("kutu227",  (489,122,64), 58,61,32),
("kutu227",  (489,122,96), 58,61,32),
("kutu227",  (489,122,128), 58,61,32),
("kutu225",  (373,122,64), 42,77,30),
("kutu225",  (489,122,160), 42,77,30),
("kutu225",  (489,122,190), 42,77,30),
("kutu227",  (489,0,160), 58,61,32),
("kutu226",  (0,0,56), 45,98,28),
("kutu226",  (45,0,112), 45,98,28),
("kutu226",  (0,0,0), 45,98,28),
("kutu226",  (0,0,56), 45,98,28),
("kutu226",  (0,0,112), 45,98,28),
("kutu226",  (0,0,140), 45,98,28),
("kutu226",  (0,0,168), 45,98,28),
("kutu226",  (0,98,28), 45,98,28),
("kutu226",  (0,98,56), 45,98,28),
("kutu226",  (0,98,84), 45,98,28),
("kutu226",  (0,98,112), 45,98,28),
("kutu226",  (0,98,168), 45,98,28),
("kutu226",  (45,0,28), 45,98,28),
("kutu226",  (45,0,56), 45,98,28),
("kutu226",  (45,0,84), 45,98,28),
("kutu226",  (45,0,112), 45,98,28),
("kutu226",  (45,0,140), 45,98,28),
("kutu226",  (45,0,168), 45,98,28),
("kutu226",  (45,98,28), 45,98,28),
("kutu226",  (90,0,0), 45,98,28),
("kutu226",  (90,0,112), 45,98,28),
("kutu226",  (90,0,140), 45,98,28),
("kutu226",  (90,98,28), 45,98,28),
("kutu226",  (90,98,84), 45,98,28),
("kutu226",  (90,98,140), 45,98,28),
("kutu226",  (90,98,168), 45,98,28),
("kutu226",  (135,0,0), 45,98,28),
("kutu226",  (135,0,28), 45,98,28),
("kutu226",  (135,0,56), 45,98,28),
("kutu226",  (135,0,84), 45,98,28),
("kutu226",  (135,0,112), 45,98,28),
("kutu226",  (135,0,140), 45,98,28),
("kutu226",  (135,98,0), 45,98,28),
("kutu226",  (135,98,56), 45,98,28),
("kutu226",  (135,98,84), 45,98,28),
("kutu226",  (135,98,112), 45,98,28),
("kutu226",  (135,98,140), 45,98,28),
("kutu226",  (135,98,168), 45,98,28),
("kutu226",  (180,0,0), 45,98,28),
("kutu226",  (180,0,28), 45,98,28),
("kutu226",  (180,0,56), 45,98,28),
("kutu226",  (180,0,84), 45,98,28),
("kutu226",  (180,0,112), 45,98,28),
("kutu226",  (180,0,140), 45,98,28),
("kutu226",  (180,0,168), 45,98,28),
("kutu226",  (180,98,0), 45,98,28),
("kutu226",  (180,98,168), 45,98,28),
("kutu226",  (225,0,28), 45,98,28),
("kutu226",  (225,0,56), 45,98,28),
("kutu226",  (225,0,112), 45,98,28),
("kutu226",  (225,0,140), 45,98,28),
("kutu226",  (225,98,0), 45,98,28),
("kutu226",  (225,98,56), 45,98,28),
("kutu226",  (225,98,84), 45,98,28),
("kutu226",  (225,98,112), 45,98,28),
("kutu226",  (225,98,140), 45,98,28),
("kutu226",  (225,98,168), 45,98,28),
("kutu226",  (270,0,28), 45,98,28),
("kutu226",  (270,0,56), 45,98,28),
("kutu226",  (270,0,84), 45,98,28),
("kutu226",  (270,0,112), 45,98,28),
("kutu226",  (270,0,168), 45,98,28),
("kutu226",  (270,98,0), 45,98,28),
("kutu226",  (270,98,56), 45,98,28),
("kutu226",  (270,98,84), 45,98,28),
("kutu227",  (270,98,176), 58,61,32),
("kutu227",  (315,0,96), 58,61,32),
("kutu227",  (315,0,128), 58,61,32),
("kutu227",  (315,61,0), 58,61,32),
("kutu227",  (315,61,32), 58,61,32),
("kutu227",  (315,122,0), 58,61,32),
("kutu227",  (373,0,0), 58,61,32),
("kutu227",  (373,0,64), 58,61,32),
("kutu227",  (373,0,96), 58,61,32),
("kutu227",  (373,0,160), 58,61,32),
("kutu227",  (373,61,0), 58,61,32),
("kutu227",  (373,61,64), 58,61,32),
("kutu227",  (373,61,96), 58,61,32),
("kutu227",  (373,61,128), 58,61,32),
("kutu227",  (373,122,32), 58,61,32),
("kutu227",  (373,122,64), 58,61,32),
("kutu227",  (373,122,96), 58,61,32),
("kutu227",  (373,122,160), 58,61,32),
("kutu227",  (431,0,32), 58,61,32),
("kutu227",  (431,0,96), 58,61,32),
("kutu227",  (431,0,128), 58,61,32),
("kutu227",  (431,0,160), 58,61,32),
("kutu227",  (431,61,0), 58,61,32),
("kutu227",  (431,61,128), 58,61,32),
("kutu227",  (431,61,160), 58,61,32),
("kutu227",  (431,122,0), 58,61,32),
("kutu227",  (431,122,96), 58,61,32),
("kutu227",  (489,0,0), 58,61,32),
("kutu227",  (489,0,32), 58,61,32),
("kutu227",  (489,0,64), 58,61,32),
("kutu227",  (489,0,96), 58,61,32),
("kutu227",  (489,0,128), 58,61,32),
("kutu227",  (489,0,160), 58,61,32),
("kutu227",  (489,61,32), 58,61,32),
("kutu227",  (489,61,64), 58,61,32),
("kutu227",  (489,61,96), 58,61,32),
("kutu227",  (489,61,160), 58,61,32),
("kutu227",  (489,122,32), 58,61,32),
("kutu227",  (489,122,64), 58,61,32),
("kutu227",  (489,122,128), 58,61,32),
("kutu227",  (489,122,160), 58,61,32),
("kutu227",  (270,98,112), 58,61,32),
("kutu226",  (0,0,28), 45,98,28),
("kutu225",  (45,98,112), 42,77,30),
("kutu227",  (270,98,144), 58,61,32),
("kutu225",  (45,98,142), 42,77,30),
("kutu225",  (45,98,172), 42,77,30),
("kutu225",  (431,61,32), 42,77,30),
("kutu225",  (431,61,62), 42,77,30),
("kutu225",  (431,122,128), 42,77,30),
("kutu225",  (431,122,158), 42,77,30),
("kutu225",  (431,122,188), 42,77,30),
("kutu227",  (373,61,32), 58,61,32),
("kutu226",  (0,98,0), 45,98,28),
("kutu225",  (431,138,62), 42,77,30),
("kutu227",  (489,122,0), 58,61,32),
("kutu226",  (0,98,140), 45,98,28),
("kutu226",  (45,98,56), 45,98,28),
("kutu226",  (90,98,0), 45,98,28),
("kutu226",  (135,98,28), 45,98,28),
("kutu226",  (180,98,56), 45,98,28),
("kutu226",  (225,0,84), 45,98,28),
("kutu226",  (270,0,0), 45,98,28),
("kutu226",  (270,0,140), 45,98,28),
("kutu226",  (315,0,192), 45,98,28),
("kutu226",  (360,0,192), 45,98,28),
("kutu226",  (360,98,192), 45,98,28),
("kutu225",  (225,0,168), 42,77,30),
("kutu227",  (315,0,0), 58,61,32),
("kutu227",  (315,0,32), 58,61,32),
("kutu226",  (87,98,112), 45,98,28),
("kutu227",  (315,61,64), 58,61,32),
("kutu227",  (373,0,128), 58,61,32),
("kutu227",  (431,0,64), 58,61,32),
("kutu227",  (431,61,92), 58,61,32),
("kutu226",  (90,0,28), 45,98,28),
("kutu226",  (90,0,84), 45,98,28),
("kutu226",  (180,98,28), 45,98,28),
("kutu226",  (225,0,0), 45,98,28),
("kutu226",  (225,98,28), 45,98,28),
("kutu226",  (405,0,192), 45,98,28),
("kutu225",  (90,0,168), 42,77,30),
("kutu225",  (132,0,168), 42,77,30),
("kutu227",  (315,0,64), 58,61,32),
("kutu225",  (180,98,84), 42,77,30),
("kutu227",  (315,0,160), 58,61,32),
("kutu225",  (180,98,114), 42,77,30),
("kutu225",  (315,122,32), 42,77,30),
("kutu225",  (315,122,62), 42,77,30),
("kutu227",  (373,0,32), 58,61,32),
("kutu225",  (373,122,0), 42,77,30),
("kutu225",  (373,122,128), 42,77,30),
("kutu226",  (0,0,84), 45,98,28),
("kutu227",  (373,61,160), 58,61,32),
("kutu225",  (431,138,32), 42,77,30),
("kutu225",  (489,122,96), 42,77,30),
("kutu227",  (431,0,0), 58,61,32),
("kutu227",  (489,61,0), 58,61,32),
("kutu226",  (45,0,0), 45,98,28),
("kutu227",  (489,61,128), 58,61,32),
("kutu226",  (45,98,0), 45,98,28),
("kutu226",  (45,98,84), 45,98,28),
("kutu226",  (90,0,56), 45,98,28),
("kutu226",  (90,98,56), 45,98,28),
("kutu226",  (270,98,28), 45,98,28),
("kutu226",  (450,0,192), 45,98,28),
("kutu226",  (489,122,192), 45,98,28),
("kutu226",  (495,0,192), 45,98,28),
("kutu226",  (0,0,0), 45,98,28),
("kutu226",  (0,0,28), 45,98,28),
("kutu226",  (0,0,56), 45,98,28),
("kutu226",  (0,0,84), 45,98,28),
("kutu226",  (0,0,112), 45,98,28),
("kutu226",  (0,0,140), 45,98,28),
("kutu226",  (0,0,168), 45,98,28),
("kutu226",  (0,98,0), 45,98,28),
("kutu226",  (0,98,28), 45,98,28),
("kutu226",  (0,98,112), 45,98,28),
("kutu226",  (0,98,140), 45,98,28),
("kutu226",  (45,0,0), 45,98,28),
("kutu226",  (45,0,28), 45,98,28),
("kutu226",  (45,0,56), 45,98,28),
("kutu226",  (45,0,84), 45,98,28),
("kutu226",  (45,0,112), 45,98,28),
("kutu226",  (45,0,140), 45,98,28),
("kutu226",  (45,98,28), 45,98,28),
("kutu226",  (45,98,56), 45,98,28),
("kutu226",  (45,98,112), 45,98,28),
("kutu226",  (45,98,140), 45,98,28),
("kutu226",  (90,0,0), 45,98,28),
("kutu226",  (90,0,28), 45,98,28),
("kutu226",  (90,0,56), 45,98,28),
("kutu226",  (90,0,140), 45,98,28),
("kutu226",  (90,0,168), 45,98,28),
("kutu226",  (90,98,0), 45,98,28),
("kutu226",  (90,98,28), 45,98,28),
("kutu226",  (90,98,56), 45,98,28),
("kutu226",  (90,98,112), 45,98,28),
("kutu226",  (90,98,168), 45,98,28),
("kutu226",  (135,0,28), 45,98,28),
("kutu226",  (135,0,56), 45,98,28),
("kutu226",  (135,0,84), 45,98,28),
("kutu226",  (135,0,112), 45,98,28),
("kutu226",  (135,0,140), 45,98,28),
("kutu226",  (135,0,168), 45,98,28),
("kutu226",  (135,98,0), 45,98,28),
("kutu226",  (135,98,28), 45,98,28),
("kutu226",  (135,98,56), 45,98,28),
("kutu226",  (135,98,84), 45,98,28),
("kutu226",  (135,98,112), 45,98,28),
("kutu226",  (135,98,140), 45,98,28),
("kutu226",  (135,98,168), 45,98,28),
("kutu226",  (180,0,0), 45,98,28),
("kutu226",  (180,0,28), 45,98,28),
("kutu226",  (180,0,56), 45,98,28),
("kutu226",  (180,0,84), 45,98,28),
("kutu226",  (180,0,112), 45,98,28),
("kutu226",  (180,0,140), 45,98,28),
("kutu226",  (180,0,168), 45,98,28),
("kutu226",  (180,98,0), 45,98,28),
("kutu226",  (180,98,28), 45,98,28),
("kutu226",  (180,98,56), 45,98,28),
("kutu226",  (180,98,84), 45,98,28),
("kutu226",  (180,98,168), 45,98,28),
("kutu226",  (225,0,0), 45,98,28),
("kutu226",  (225,0,56), 45,98,28),
("kutu226",  (225,0,84), 45,98,28),
("kutu226",  (225,0,112), 45,98,28),
("kutu226",  (225,0,140), 45,98,28),
("kutu226",  (225,0,168), 45,98,28),
("kutu226",  (225,98,28), 45,98,28),
("kutu226",  (225,98,84), 45,98,28),
("kutu226",  (225,98,140), 45,98,28),
("kutu226",  (225,98,168), 45,98,28),
("kutu226",  (270,0,0), 45,98,28),
("kutu226",  (270,0,56), 45,98,28),
("kutu226",  (270,0,84), 45,98,28),
("kutu226",  (270,0,140), 45,98,28),
("kutu226",  (270,0,168), 45,98,28),
("kutu226",  (270,98,0), 45,98,28),
("kutu226",  (270,98,28), 45,98,28),
("kutu226",  (270,98,56), 45,98,28),
("kutu227",  (270,98,112), 58,61,32),
("kutu227",  (270,98,144), 58,61,32),
("kutu227",  (315,0,0), 58,61,32),
("kutu227",  (315,0,32), 58,61,32),
("kutu227",  (315,0,96), 58,61,32),
("kutu227",  (315,0,128), 58,61,32),
("kutu227",  (315,61,0), 58,61,32),
("kutu227",  (315,61,32), 58,61,32),
("kutu227",  (315,61,64), 58,61,32),
("kutu227",  (315,122,0), 58,61,32),
("kutu227",  (315,122,64), 58,61,32),
("kutu227",  (373,0,0), 58,61,32),
("kutu227",  (373,0,64), 58,61,32),
("kutu227",  (373,0,96), 58,61,32),
("kutu227",  (373,0,128), 58,61,32),
("kutu227",  (373,61,32), 58,61,32),
("kutu227",  (373,61,64), 58,61,32),
("kutu227",  (373,61,96), 58,61,32),
("kutu227",  (373,61,160), 58,61,32),
("kutu227",  (373,122,0), 58,61,32),
("kutu227",  (373,122,32), 58,61,32),
("kutu227",  (373,122,64), 58,61,32),
("kutu227",  (373,122,96), 58,61,32),
("kutu227",  (373,122,128), 58,61,32),
("kutu227",  (431,0,0), 58,61,32),
("kutu227",  (431,0,64), 58,61,32),
("kutu227",  (431,0,96), 58,61,32),
("kutu227",  (431,0,160), 58,61,32),
("kutu227",  (431,61,0), 58,61,32),
("kutu227",  (431,61,32), 58,61,32),
("kutu227",  (431,61,96), 58,61,32),
("kutu227",  (431,61,160), 58,61,32),
("kutu227",  (431,122,32), 58,61,32),
("kutu227",  (431,122,64), 58,61,32),
("kutu227",  (431,122,96), 58,61,32),
("kutu227",  (431,122,128), 58,61,32),
("kutu227",  (489,0,0), 58,61,32),
("kutu227",  (489,0,32), 58,61,32),
("kutu227",  (489,0,64), 58,61,32),
("kutu227",  (489,0,96), 58,61,32),
("kutu227",  (489,0,160), 58,61,32),
("kutu227",  (489,61,0), 58,61,32),
("kutu227",  (489,61,32), 58,61,32),
("kutu227",  (489,61,64), 58,61,32),
("kutu227",  (489,61,128), 58,61,32),
("kutu227",  (489,122,0), 58,61,32),
("kutu227",  (489,122,32), 58,61,32),
("kutu227",  (489,122,64), 58,61,32),
("kutu227",  (489,122,96), 58,61,32),
("kutu227",  (489,122,160), 58,61,32),
("kutu225",  (0,98,168), 42,77,30),
("kutu225",  (45,0,168), 42,77,30),
("kutu225",  (270,98,176), 42,77,30),
("kutu226",  (45,98,0), 45,98,28),
("kutu225",  (315,0,160), 42,77,30),
("kutu226",  (45,98,84), 45,98,28),
("kutu227",  (373,0,32), 58,61,32),
("kutu225",  (415,122,160), 42,77,30),
("kutu225",  (415,122,190), 42,77,30),
("kutu225",  (489,122,128), 42,77,30),
("kutu227",  (373,61,0), 58,61,32),
("kutu227",  (431,61,128), 58,61,32),
("kutu226",  (90,0,112), 45,98,28),
("kutu227",  (489,61,96), 58,61,32),
("kutu227",  (489,61,160), 58,61,32),
("kutu226",  (225,98,112), 45,98,28),
("kutu226",  (270,0,112), 45,98,28),
("kutu226",  (373,0,192), 45,98,28),
("kutu226",  (418,0,192), 45,98,28),
("kutu225",  (0,98,56), 42,77,30),
("kutu226",  (42,98,168), 45,98,28),
("kutu225",  (180,98,112), 42,77,30),
("kutu225",  (315,0,190), 42,77,30),
("kutu227",  (315,0,64), 58,61,32),
("kutu226",  (90,0,84), 45,98,28),
("kutu225",  (315,122,32), 42,77,30),
("kutu225",  (373,122,160), 42,77,30),
("kutu227",  (357,0,160), 58,61,32),
("kutu225",  (373,122,190), 42,77,30),
("kutu225",  (431,122,0), 42,77,30),
("kutu226",  (90,98,84), 45,98,28),
("kutu226",  (90,98,140), 45,98,28),
("kutu227",  (373,61,128), 58,61,32),
("kutu227",  (431,0,32), 58,61,32),
("kutu227",  (431,0,128), 58,61,32),
("kutu227",  (431,61,64), 58,61,32),
("kutu226",  (135,0,0), 45,98,28),
("kutu227",  (489,0,128), 58,61,32),
("kutu226",  (225,0,28), 45,98,28),
("kutu226",  (225,98,0), 45,98,28),
("kutu226",  (225,98,56), 45,98,28),
("kutu226",  (270,0,28), 45,98,28),
("kutu226",  (270,98,84), 45,98,28),
("kutu226",  (463,0,192), 45,98,28),
("kutu226",  (463,98,192), 45,98,28),
("kutu226",  (508,0,192), 45,98,28),
("kutu226",  (508,98,192), 45,98,28),
("kutu226",  (0,0,0), 45,98,28),
("kutu226",  (0,0,28), 45,98,28),
("kutu226",  (0,0,84), 45,98,28),
("kutu226",  (0,0,112), 45,98,28),
("kutu226",  (0,0,168), 45,98,28),
("kutu226",  (0,98,0), 45,98,28),
("kutu226",  (0,98,28), 45,98,28),
("kutu226",  (0,98,56), 45,98,28),
("kutu226",  (0,98,84), 45,98,28),
("kutu226",  (0,98,112), 45,98,28),
("kutu226",  (0,98,140), 45,98,28),
("kutu226",  (0,98,168), 45,98,28),
("kutu226",  (45,0,0), 45,98,28),
("kutu226",  (45,0,28), 45,98,28),
("kutu226",  (45,0,56), 45,98,28),
("kutu226",  (45,0,84), 45,98,28),
("kutu226",  (45,0,112), 45,98,28),
("kutu226",  (45,0,168), 45,98,28),
("kutu226",  (45,98,28), 45,98,28),
("kutu226",  (45,98,112), 45,98,28),
("kutu226",  (90,0,0), 45,98,28),
("kutu226",  (90,0,28), 45,98,28),
("kutu226",  (90,0,56), 45,98,28),
("kutu226",  (90,0,84), 45,98,28),
("kutu226",  (90,0,140), 45,98,28),
("kutu226",  (90,98,0), 45,98,28),
("kutu226",  (90,98,28), 45,98,28),
("kutu226",  (90,98,56), 45,98,28),
("kutu226",  (90,98,84), 45,98,28),
("kutu226",  (90,98,112), 45,98,28),
("kutu226",  (90,98,140), 45,98,28),
("kutu226",  (90,98,168), 45,98,28),
("kutu226",  (135,0,0), 45,98,28),
("kutu226",  (135,0,28), 45,98,28),
("kutu226",  (135,0,112), 45,98,28),
("kutu226",  (135,0,140), 45,98,28),
("kutu226",  (135,98,0), 45,98,28),
("kutu226",  (135,98,28), 45,98,28),
("kutu226",  (135,98,56), 45,98,28),
("kutu226",  (135,98,84), 45,98,28),
("kutu226",  (135,98,140), 45,98,28),
("kutu226",  (135,98,168), 45,98,28),
("kutu226",  (180,0,28), 45,98,28),
("kutu226",  (180,0,56), 45,98,28),
("kutu226",  (180,0,112), 45,98,28),
("kutu226",  (180,98,0), 45,98,28),
("kutu226",  (180,98,28), 45,98,28),
("kutu226",  (180,98,56), 45,98,28),
("kutu226",  (180,98,84), 45,98,28),
("kutu226",  (180,98,140), 45,98,28),
("kutu226",  (225,0,28), 45,98,28),
("kutu226",  (225,0,112), 45,98,28),
("kutu226",  (225,0,168), 45,98,28),
("kutu226",  (225,98,0), 45,98,28),
("kutu226",  (225,98,28), 45,98,28),
("kutu226",  (225,98,56), 45,98,28),
("kutu226",  (225,98,84), 45,98,28),
("kutu226",  (225,98,140), 45,98,28),
("kutu226",  (225,98,168), 45,98,28),
("kutu226",  (270,0,28), 45,98,28),
("kutu226",  (270,0,56), 45,98,28),
("kutu226",  (270,0,112), 45,98,28),
("kutu226",  (270,0,140), 45,98,28),
("kutu226",  (270,0,168), 45,98,28),
("kutu226",  (270,98,0), 45,98,28),
("kutu226",  (270,98,28), 45,98,28),
("kutu226",  (270,98,56), 45,98,28),
("kutu227",  (270,98,144), 58,61,32),
("kutu227",  (270,98,176), 58,61,32),
("kutu227",  (315,0,128), 58,61,32),
("kutu227",  (315,0,160), 58,61,32),
("kutu227",  (315,61,0), 58,61,32),
("kutu227",  (315,61,32), 58,61,32),
("kutu227",  (315,61,64), 58,61,32),
("kutu227",  (315,122,0), 58,61,32),
("kutu227",  (315,122,32), 58,61,32),
("kutu227",  (373,0,0), 58,61,32),
("kutu227",  (373,0,32), 58,61,32),
("kutu227",  (373,0,64), 58,61,32),
("kutu227",  (373,0,96), 58,61,32),
("kutu227",  (373,0,128), 58,61,32),
("kutu227",  (373,0,160), 58,61,32),
("kutu227",  (373,61,0), 58,61,32),
("kutu227",  (373,61,96), 58,61,32),
("kutu227",  (373,61,128), 58,61,32),
("kutu227",  (373,61,160), 58,61,32),
("kutu227",  (373,122,0), 58,61,32),
("kutu227",  (373,122,32), 58,61,32),
("kutu227",  (373,122,64), 58,61,32),
("kutu227",  (373,122,128), 58,61,32),
("kutu227",  (373,122,160), 58,61,32),
("kutu227",  (431,0,32), 58,61,32),
("kutu227",  (431,0,64), 58,61,32),
("kutu227",  (431,0,96), 58,61,32),
("kutu227",  (431,61,128), 58,61,32),
("kutu227",  (431,122,96), 58,61,32),
("kutu227",  (431,122,128), 58,61,32),
("kutu227",  (431,122,160), 58,61,32),
("kutu227",  (489,0,32), 58,61,32),
("kutu227",  (489,0,128), 58,61,32),
("kutu227",  (489,0,160), 58,61,32),
("kutu227",  (489,61,64), 58,61,32),
("kutu227",  (489,61,96), 58,61,32),
("kutu227",  (489,61,128), 58,61,32),
("kutu227",  (489,61,160), 58,61,32),
("kutu227",  (489,122,32), 58,61,32),
("kutu227",  (489,122,64), 58,61,32),
("kutu227",  (489,122,96), 58,61,32),
("kutu227",  (489,122,128), 58,61,32),
("kutu225",  (45,98,56), 42,77,30),
("kutu226",  (0,0,56), 45,98,28),
("kutu226",  (0,0,140), 45,98,28),
("kutu227",  (90,0,168), 58,61,32),
("kutu225",  (45,98,140), 42,77,30),
("kutu225",  (45,98,170), 42,77,30),
("kutu226",  (45,0,140), 45,98,28),
("kutu225",  (135,0,56), 42,77,30),
("kutu225",  (148,0,168), 42,77,30),
("kutu225",  (180,98,168), 42,77,30),
("kutu227",  (315,61,96), 58,61,32),
("kutu225",  (225,0,56), 42,77,30),
("kutu225",  (270,98,84), 42,77,30),
("kutu227",  (315,122,64), 58,61,32),
("kutu226",  (45,98,0), 45,98,28),
("kutu227",  (315,122,96), 58,61,32),
("kutu226",  (90,0,112), 45,98,28),
("kutu225",  (270,98,114), 42,77,30),
("kutu226",  (135,98,112), 45,98,28),
("kutu225",  (373,122,96), 42,77,30),
("kutu226",  (180,0,0), 45,98,28),
("kutu226",  (180,0,84), 45,98,28),
("kutu227",  (373,61,32), 58,61,32),
("kutu225",  (431,0,0), 42,77,30),
("kutu225",  (431,77,0), 42,77,30),
("kutu225",  (431,77,30), 42,77,30),
("kutu225",  (431,77,60), 42,77,30),
("kutu225",  (431,154,0), 42,77,30),
("kutu227",  (373,61,64), 58,61,32),
("kutu225",  (431,154,30), 42,77,30),
("kutu227",  (431,0,128), 58,61,32),
("kutu225",  (431,0,160), 42,77,30),
("kutu225",  (431,0,190), 42,77,30),
("kutu225",  (431,154,60), 42,77,30),
("kutu225",  (473,0,0), 42,77,30),
("kutu226",  (180,0,140), 45,98,28),
("kutu225",  (473,77,0), 42,77,30),
("kutu225",  (473,154,0), 42,77,30),
("kutu225",  (489,122,160), 42,77,30),
("kutu225",  (489,122,190), 42,77,30),
("kutu226",  (180,98,112), 45,98,28),
("kutu227",  (489,0,64), 58,61,32),
("kutu226",  (225,0,0), 45,98,28),
("kutu225",  (515,0,0), 42,77,30),
("kutu225",  (515,77,0), 42,77,30),
("kutu227",  (489,0,96), 58,61,32),
("kutu225",  (515,154,0), 42,77,30),
("kutu226",  (225,0,140), 45,98,28),
("kutu226",  (225,98,112), 45,98,28),
("kutu226",  (270,0,0), 45,98,28),
("kutu227",  (315,0,0), 58,61,32),
("kutu227",  (315,0,32), 58,61,32),
("kutu227",  (315,0,64), 58,61,32),
("kutu227",  (315,0,96), 58,61,32),
("kutu226",  (270,0,84), 45,98,28),
("kutu226",  (315,0,192), 45,98,28),
("kutu226",  (360,0,192), 45,98,28),
("kutu226",  (360,98,192), 45,98,28),
("kutu226",  (405,98,192), 45,98,28),
("kutu226",  (489,0,192), 45,98,28),
