("kutu1824",  (0,0,0), 91,97,80),
("kutu1824",  (0,0,80), 91,97,80),
("kutu1824",  (0,97,0), 91,97,80),
("kutu1824",  (0,97,80), 91,97,80),
("kutu1824",  (91,0,0), 91,97,80),
("kutu1824",  (91,0,80), 91,97,80),
("kutu1832",  (91,97,0), 89,113,63),
("kutu1832",  (91,97,63), 89,113,63),
("kutu1832",  (91,97,126), 89,113,63),
("kutu1832",  (180,97,0), 89,113,63),
("kutu1832",  (180,97,63), 89,113,63),
("kutu1832",  (180,97,126), 89,113,63),
("kutu1832",  (269,97,0), 89,113,63),
("kutu1820",  (182,0,0), 82,96,63),
("kutu1820",  (182,0,63), 82,96,63),
("kutu1820",  (182,0,126), 82,96,63),
("kutu1820",  (264,0,0), 82,96,63),
("kutu1820",  (264,0,63), 82,96,63),
("kutu1820",  (264,0,126), 82,96,63),
("kutu1823",  (0,0,160), 67,90,57),
("kutu1823",  (0,90,160), 67,90,57),
("kutu1823",  (67,0,160), 67,90,57),
("kutu1823",  (269,97,63), 67,90,57),
("kutu1823",  (269,97,120), 67,90,57),
("kutu1823",  (346,0,0), 67,90,57),
("kutu1823",  (346,0,57), 67,90,57),
("kutu1823",  (346,0,114), 67,90,57),
("kutu1823",  (358,97,0), 67,90,57),
("kutu1823",  (358,97,57), 67,90,57),
("kutu1828",  (91,97,189), 79,115,31),
("kutu1828",  (170,97,189), 79,115,31),
("kutu1828",  (264,0,189), 79,115,31),
("kutu1828",  (346,0,171), 79,115,31),
("kutu1828",  (346,90,114), 79,115,31),
("kutu1828",  (425,97,0), 79,115,31),
("kutu1828",  (425,97,31), 79,115,31),
("kutu1828",  (425,97,62), 79,115,31),
("kutu1828",  (425,97,93), 79,115,31),
("kutu1828",  (425,97,124), 79,115,31),
("kutu1821",  (413,0,0), 63,74,59),
("kutu1821",  (413,0,59), 63,74,59),
("kutu1821",  (425,97,155), 63,74,59),
("kutu1821",  (476,0,0), 63,74,59),
("kutu1821",  (476,0,59), 63,74,59),
("kutu1821",  (476,0,118), 63,74,59),
("kutu1821",  (504,97,0), 63,74,59),
("kutu1834",  (504,97,59), 63,71,54),
("kutu1834",  (504,97,113), 63,71,54),
("kutu1822",  (413,0,118), 60,86,43),
("kutu1822",  (476,0,177), 60,86,43),
("kutu1822",  (504,97,167), 60,86,43),
("kutu1829",  (425,171,155), 59,62,46),
("kutu1829",  (504,171,0), 59,62,46),
("kutu1829",  (504,171,46), 59,62,46),
("kutu1829",  (504,171,92), 59,62,46),
("kutu1826",  (134,0,160), 41,86,35),
("kutu1826",  (539,0,0), 41,86,35),
("kutu1826",  (539,0,35), 41,86,35),
("kutu1826",  (539,0,70), 41,86,35),
("kutu1831",  (539,0,105), 48,55,33),
("kutu1831",  (539,0,138), 48,55,33),
("kutu1831",  (539,0,171), 48,55,33),
("kutu1827",  (182,0,189), 44,67,26),
("kutu1827",  (346,90,145), 44,67,26),
("kutu1827",  (346,115,171), 44,67,26),
("kutu1827",  (346,157,145), 44,67,26),
("kutu1835",  (346,115,197), 58,62,21),
("kutu1835",  (504,171,138), 58,62,21),
("kutu1833",  (346,182,171), 36,49,33),
("kutu273",  (0,0,0), 82,96,63),
("kutu273",  (0,0,63), 82,96,63),
("kutu273",  (0,0,126), 82,96,63),
("kutu273",  (0,96,0), 82,96,63),
("kutu273",  (0,96,63), 82,96,63),
("kutu273",  (0,96,126), 82,96,63),
("kutu273",  (82,0,0), 82,96,63),
("kutu273",  (82,0,63), 82,96,63),
("kutu273",  (82,0,126), 82,96,63),
("kutu273",  (82,96,0), 82,96,63),
("kutu273",  (82,96,63), 82,96,63),
("kutu273",  (82,96,126), 82,96,63),
("kutu273",  (164,0,0), 82,96,63),
("kutu273",  (164,0,63), 82,96,63),
("kutu273",  (164,0,126), 82,96,63),
("kutu273",  (164,96,0), 82,96,63),
("kutu273",  (164,96,63), 82,96,63),
("kutu273",  (164,96,126), 82,96,63),
("kutu273",  (246,0,0), 82,96,63),
("kutu273",  (246,0,63), 82,96,63),
("kutu273",  (246,0,126), 82,96,63),
("kutu273",  (246,96,0), 82,96,63),
("kutu273",  (246,96,63), 82,96,63),
("kutu273",  (246,96,126), 82,96,63),
("kutu273",  (328,0,0), 82,96,63),
("kutu273",  (328,0,63), 82,96,63),
("kutu273",  (328,0,126), 82,96,63),
("kutu273",  (328,96,0), 82,96,63),
("kutu273",  (328,96,63), 82,96,63),
("kutu273",  (328,96,126), 82,96,63),
("kutu273",  (410,0,0), 82,96,63),
("kutu273",  (410,0,63), 82,96,63),
("kutu274",  (410,0,126), 63,74,59),
("kutu274",  (410,96,0), 63,74,59),
("kutu274",  (410,96,59), 63,74,59),
("kutu274",  (410,96,118), 63,74,59),
("kutu274",  (473,96,0), 63,74,59),
("kutu274",  (473,96,59), 63,74,59),
("kutu274",  (473,96,118), 63,74,59),
("kutu274",  (492,0,0), 63,74,59),
("kutu274",  (492,0,59), 63,74,59),
("kutu274",  (492,0,118), 63,74,59),
("kutu275",  (410,96,177), 60,86,43),
("kutu275",  (470,96,177), 60,86,43),
("kutu275",  (492,0,177), 60,86,43),
("kutu273",  (0,0,0), 82,96,63),
("kutu273",  (0,0,63), 82,96,63),
("kutu273",  (0,0,126), 82,96,63),
("kutu273",  (0,96,0), 82,96,63),
("kutu273",  (0,96,63), 82,96,63),
("kutu273",  (0,96,126), 82,96,63),
("kutu273",  (82,0,0), 82,96,63),
("kutu273",  (82,0,63), 82,96,63),
("kutu273",  (82,0,126), 82,96,63),
("kutu273",  (82,96,0), 82,96,63),
("kutu273",  (82,96,63), 82,96,63),
("kutu273",  (82,96,126), 82,96,63),
("kutu273",  (164,0,0), 82,96,63),
("kutu273",  (164,0,63), 82,96,63),
("kutu273",  (164,0,126), 82,96,63),
("kutu273",  (164,96,0), 82,96,63),
("kutu273",  (164,96,63), 82,96,63),
("kutu273",  (164,96,126), 82,96,63),
("kutu273",  (246,0,0), 82,96,63),
("kutu273",  (246,0,63), 82,96,63),
("kutu273",  (246,0,126), 82,96,63),
("kutu273",  (246,96,0), 82,96,63),
("kutu273",  (246,96,63), 82,96,63),
("kutu273",  (246,96,126), 82,96,63),
("kutu273",  (328,0,0), 82,96,63),
("kutu273",  (328,0,63), 82,96,63),
("kutu273",  (328,0,126), 82,96,63),
("kutu273",  (328,96,0), 82,96,63),
("kutu273",  (328,96,63), 82,96,63),
("kutu273",  (328,96,126), 82,96,63),
("kutu273",  (410,0,0), 82,96,63),
("kutu273",  (410,0,63), 82,96,63),
("kutu274",  (410,0,126), 63,74,59),
("kutu274",  (410,96,0), 63,74,59),
("kutu274",  (410,96,59), 63,74,59),
("kutu274",  (410,96,118), 63,74,59),
("kutu274",  (473,96,0), 63,74,59),
("kutu274",  (473,96,59), 63,74,59),
("kutu274",  (473,96,118), 63,74,59),
("kutu274",  (492,0,0), 63,74,59),
("kutu274",  (492,0,59), 63,74,59),
("kutu274",  (492,0,118), 63,74,59),
("kutu275",  (410,96,177), 60,86,43),
("kutu275",  (470,96,177), 60,86,43),
("kutu275",  (492,0,177), 60,86,43),
("kutu273",  (0,0,0), 82,96,63),
("kutu273",  (0,0,63), 82,96,63),
("kutu273",  (0,0,126), 82,96,63),
("kutu273",  (0,96,0), 82,96,63),
("kutu273",  (0,96,63), 82,96,63),
("kutu273",  (0,96,126), 82,96,63),
("kutu273",  (82,0,0), 82,96,63),
("kutu273",  (82,0,63), 82,96,63),
("kutu273",  (82,0,126), 82,96,63),
("kutu273",  (82,96,0), 82,96,63),
("kutu273",  (82,96,63), 82,96,63),
("kutu273",  (82,96,126), 82,96,63),
("kutu273",  (164,0,0), 82,96,63),
("kutu273",  (164,0,63), 82,96,63),
("kutu273",  (164,0,126), 82,96,63),
("kutu273",  (164,96,0), 82,96,63),
("kutu273",  (164,96,63), 82,96,63),
("kutu273",  (164,96,126), 82,96,63),
("kutu273",  (246,0,0), 82,96,63),
("kutu273",  (246,0,63), 82,96,63),
("kutu273",  (246,0,126), 82,96,63),
("kutu273",  (246,96,0), 82,96,63),
("kutu273",  (246,96,63), 82,96,63),
("kutu273",  (246,96,126), 82,96,63),
("kutu273",  (328,0,0), 82,96,63),
("kutu273",  (328,0,63), 82,96,63),
("kutu273",  (328,0,126), 82,96,63),
("kutu273",  (328,96,0), 82,96,63),
("kutu273",  (328,96,63), 82,96,63),
("kutu273",  (328,96,126), 82,96,63),
("kutu273",  (410,0,0), 82,96,63),
("kutu273",  (410,0,63), 82,96,63),
("kutu274",  (410,0,126), 63,74,59),
("kutu274",  (410,96,0), 63,74,59),
("kutu274",  (410,96,59), 63,74,59),
("kutu274",  (410,96,118), 63,74,59),
("kutu274",  (473,96,0), 63,74,59),
("kutu274",  (473,96,59), 63,74,59),
("kutu274",  (473,96,118), 63,74,59),
("kutu274",  (492,0,0), 63,74,59),
("kutu274",  (492,0,59), 63,74,59),
("kutu274",  (492,0,118), 63,74,59),
("kutu275",  (410,96,177), 60,86,43),
("kutu275",  (470,96,177), 60,86,43),
("kutu275",  (492,0,177), 60,86,43),
("kutu273",  (0,0,0), 82,96,63),
("kutu273",  (0,0,63), 82,96,63),
("kutu273",  (0,0,126), 82,96,63),
("kutu273",  (0,96,0), 82,96,63),
("kutu273",  (0,96,63), 82,96,63),
("kutu273",  (0,96,126), 82,96,63),
("kutu273",  (82,0,0), 82,96,63),
("kutu273",  (82,0,63), 82,96,63),
("kutu273",  (82,0,126), 82,96,63),
("kutu273",  (82,96,0), 82,96,63),
("kutu273",  (82,96,63), 82,96,63),
("kutu273",  (82,96,126), 82,96,63),
("kutu273",  (164,0,0), 82,96,63),
("kutu273",  (164,0,63), 82,96,63),
("kutu273",  (164,0,126), 82,96,63),
("kutu273",  (164,96,0), 82,96,63),
("kutu273",  (164,96,63), 82,96,63),
("kutu273",  (164,96,126), 82,96,63),
("kutu273",  (246,0,0), 82,96,63),
("kutu273",  (246,0,63), 82,96,63),
("kutu273",  (246,0,126), 82,96,63),
("kutu273",  (246,96,0), 82,96,63),
("kutu273",  (246,96,63), 82,96,63),
("kutu273",  (246,96,126), 82,96,63),
("kutu273",  (328,0,0), 82,96,63),
("kutu273",  (328,0,63), 82,96,63),
("kutu273",  (328,0,126), 82,96,63),
("kutu273",  (328,96,0), 82,96,63),
("kutu273",  (328,96,63), 82,96,63),
("kutu273",  (328,96,126), 82,96,63),
("kutu273",  (410,0,0), 82,96,63),
("kutu273",  (410,0,63), 82,96,63),
("kutu274",  (410,0,126), 63,74,59),
("kutu274",  (410,96,0), 63,74,59),
("kutu274",  (410,96,59), 63,74,59),
("kutu274",  (410,96,118), 63,74,59),
("kutu274",  (473,96,0), 63,74,59),
("kutu274",  (473,96,59), 63,74,59),
("kutu274",  (473,96,118), 63,74,59),
("kutu274",  (492,0,0), 63,74,59),
("kutu274",  (492,0,59), 63,74,59),
("kutu274",  (492,0,118), 63,74,59),
("kutu275",  (410,96,177), 60,86,43),
("kutu275",  (470,96,177), 60,86,43),
("kutu275",  (492,0,177), 60,86,43),
