("kutu1645",  (0,0,0), 79,95,57),
("kutu1645",  (0,0,57), 79,95,57),
("kutu1645",  (0,0,114), 79,95,57),
("kutu1645",  (0,95,0), 79,95,57),
("kutu1645",  (0,95,57), 79,95,57),
("kutu1645",  (0,95,114), 79,95,57),
("kutu1645",  (79,0,0), 79,95,57),
("kutu1645",  (79,0,57), 79,95,57),
("kutu1651",  (79,0,114), 69,96,53),
("kutu1651",  (79,0,167), 69,96,53),
("kutu1651",  (79,95,0), 69,96,53),
("kutu1651",  (79,95,53), 69,96,53),
("kutu1651",  (148,95,0), 69,96,53),
("kutu1651",  (148,95,53), 69,96,53),
("kutu1651",  (148,95,106), 69,96,53),
("kutu1649",  (148,95,159), 64,83,58),
("kutu1649",  (158,0,0), 64,83,58),
("kutu1649",  (158,0,58), 64,83,58),
("kutu1649",  (158,0,116), 64,83,58),
("kutu1654",  (0,0,171), 71,99,43),
("kutu1654",  (0,99,171), 71,99,43),
("kutu1654",  (217,95,0), 71,99,43),
("kutu1654",  (217,95,43), 71,99,43),
("kutu1654",  (217,95,86), 71,99,43),
("kutu1654",  (217,95,129), 71,99,43),
("kutu1654",  (217,95,172), 71,99,43),
("kutu1654",  (288,95,0), 71,99,43),
("kutu1640",  (158,0,174), 71,83,46),
("kutu1640",  (222,0,0), 71,83,46),
("kutu1640",  (222,0,46), 71,83,46),
("kutu1640",  (222,0,92), 71,83,46),
("kutu1640",  (288,95,43), 71,83,46),
("kutu1640",  (288,95,89), 71,83,46),
("kutu1640",  (288,95,135), 71,83,46),
("kutu1640",  (293,0,0), 71,83,46),
("kutu1640",  (293,0,46), 71,83,46),
("kutu1640",  (293,0,92), 71,83,46),
("kutu1640",  (293,0,138), 71,83,46),
("kutu1640",  (359,95,0), 71,83,46),
("kutu1640",  (359,95,46), 71,83,46),
("kutu1644",  (359,95,92), 67,84,47),
("kutu1644",  (359,95,139), 67,84,47),
("kutu1644",  (364,0,0), 67,84,47),
("kutu1644",  (364,0,47), 67,84,47),
("kutu1644",  (364,0,94), 67,84,47),
("kutu1644",  (364,0,141), 67,84,47),
("kutu1641",  (430,95,0), 63,76,54),
("kutu1641",  (430,95,54), 63,76,54),
("kutu1641",  (430,95,108), 63,76,54),
("kutu1641",  (430,95,162), 63,76,54),
("kutu1648",  (431,0,0), 69,72,48),
("kutu1648",  (431,0,48), 69,72,48),
("kutu1648",  (431,0,96), 69,72,48),
("kutu1648",  (431,0,144), 69,72,48),
("kutu1648",  (493,95,0), 69,72,48),
("kutu1648",  (493,95,48), 69,72,48),
("kutu1648",  (493,95,96), 69,72,48),
("kutu1650",  (493,95,144), 94,99,24),
("kutu1650",  (493,95,168), 94,99,24),
("kutu1650",  (493,95,192), 94,99,24),
("kutu1657",  (500,0,0), 56,86,44),
("kutu1657",  (500,0,44), 56,86,44),
("kutu1657",  (500,0,88), 56,86,44),
("kutu1657",  (500,0,132), 56,86,44),
("kutu1657",  (500,0,176), 56,86,44),
("kutu1652",  (222,0,138), 70,71,36),
("kutu1652",  (288,95,181), 70,71,36),
("kutu1652",  (293,0,184), 70,71,36),
("kutu1655",  (359,95,186), 71,72,27),
("kutu1659",  (229,0,174), 58,78,30),
("kutu1659",  (364,0,188), 58,78,30),
("kutu1653",  (430,171,0), 52,57,45),
("kutu1653",  (430,171,45), 52,57,45),
("kutu1653",  (430,171,90), 52,57,45),
("kutu1653",  (430,171,135), 52,57,45),
("kutu1653",  (482,171,0), 52,57,45),
("kutu1643",  (430,171,180), 42,61,34),
("kutu1643",  (482,171,45), 42,61,34),
("kutu1643",  (482,171,79), 42,61,34),
("kutu1643",  (534,171,0), 42,61,34),
("kutu1643",  (534,171,34), 42,61,34),
("kutu1643",  (534,171,68), 42,61,34),
("kutu1643",  (534,171,102), 42,61,34),
("kutu1647",  (431,0,192), 43,69,28),
("kutu1656",  (482,171,113), 37,59,22),
("kutu246",  (0,0,0), 71,83,46),
("kutu246",  (0,0,46), 71,83,46),
("kutu246",  (0,0,92), 71,83,46),
("kutu246",  (0,0,138), 71,83,46),
("kutu246",  (0,83,0), 71,83,46),
("kutu246",  (0,83,46), 71,83,46),
("kutu246",  (0,83,92), 71,83,46),
("kutu246",  (0,83,138), 71,83,46),
("kutu246",  (71,0,0), 71,83,46),
("kutu246",  (71,0,46), 71,83,46),
("kutu246",  (71,0,92), 71,83,46),
("kutu246",  (71,0,138), 71,83,46),
("kutu246",  (71,83,0), 71,83,46),
("kutu246",  (71,83,46), 71,83,46),
("kutu246",  (71,83,92), 71,83,46),
("kutu246",  (71,83,138), 71,83,46),
("kutu246",  (142,0,0), 71,83,46),
("kutu246",  (142,0,46), 71,83,46),
("kutu246",  (142,0,92), 71,83,46),
("kutu246",  (142,0,138), 71,83,46),
("kutu246",  (142,83,0), 71,83,46),
("kutu246",  (142,83,46), 71,83,46),
("kutu246",  (142,83,92), 71,83,46),
("kutu246",  (142,83,138), 71,83,46),
("kutu246",  (213,0,0), 71,83,46),
("kutu246",  (213,0,46), 71,83,46),
("kutu246",  (213,0,92), 71,83,46),
("kutu246",  (213,0,138), 71,83,46),
("kutu246",  (213,83,0), 71,83,46),
("kutu246",  (213,83,46), 71,83,46),
("kutu246",  (213,83,92), 71,83,46),
("kutu246",  (213,83,138), 71,83,46),
("kutu246",  (284,0,0), 71,83,46),
("kutu246",  (284,0,46), 71,83,46),
("kutu246",  (284,0,92), 71,83,46),
("kutu246",  (284,0,138), 71,83,46),
("kutu246",  (284,83,0), 71,83,46),
("kutu246",  (284,83,46), 71,83,46),
("kutu246",  (284,83,92), 71,83,46),
("kutu246",  (284,83,138), 71,83,46),
("kutu246",  (355,0,0), 71,83,46),
("kutu246",  (355,0,46), 71,83,46),
("kutu246",  (355,0,92), 71,83,46),
("kutu247",  (355,0,138), 63,76,54),
("kutu247",  (355,83,0), 63,76,54),
("kutu247",  (355,83,54), 63,76,54),
("kutu247",  (355,83,108), 63,76,54),
("kutu247",  (355,83,162), 63,76,54),
("kutu247",  (418,83,0), 63,76,54),
("kutu247",  (418,83,54), 63,76,54),
("kutu247",  (418,83,108), 63,76,54),
("kutu247",  (418,83,162), 63,76,54),
("kutu247",  (426,0,0), 63,76,54),
("kutu247",  (426,0,54), 63,76,54),
("kutu247",  (426,0,108), 63,76,54),
("kutu247",  (426,0,162), 63,76,54),
("kutu247",  (481,83,0), 63,76,54),
("kutu247",  (481,83,54), 63,76,54),
("kutu247",  (481,83,108), 63,76,54),
("kutu247",  (481,83,162), 63,76,54),
("kutu247",  (489,0,0), 63,76,54),
("kutu247",  (489,0,54), 63,76,54),
("kutu247",  (489,0,108), 63,76,54),
("kutu247",  (489,0,162), 63,76,54),
("kutu246",  (0,0,0), 71,83,46),
("kutu246",  (0,0,46), 71,83,46),
("kutu246",  (0,0,92), 71,83,46),
("kutu246",  (0,0,138), 71,83,46),
("kutu246",  (0,83,0), 71,83,46),
("kutu246",  (0,83,46), 71,83,46),
("kutu246",  (0,83,92), 71,83,46),
("kutu246",  (0,83,138), 71,83,46),
("kutu246",  (71,0,0), 71,83,46),
("kutu246",  (71,0,46), 71,83,46),
("kutu246",  (71,0,92), 71,83,46),
("kutu246",  (71,0,138), 71,83,46),
("kutu246",  (71,83,0), 71,83,46),
("kutu246",  (71,83,46), 71,83,46),
("kutu246",  (71,83,92), 71,83,46),
("kutu246",  (71,83,138), 71,83,46),
("kutu246",  (142,0,0), 71,83,46),
("kutu246",  (142,0,46), 71,83,46),
("kutu246",  (142,0,92), 71,83,46),
("kutu246",  (142,0,138), 71,83,46),
("kutu246",  (142,83,0), 71,83,46),
("kutu246",  (142,83,46), 71,83,46),
("kutu246",  (142,83,92), 71,83,46),
("kutu246",  (142,83,138), 71,83,46),
("kutu246",  (213,0,0), 71,83,46),
("kutu246",  (213,0,46), 71,83,46),
("kutu246",  (213,0,92), 71,83,46),
("kutu246",  (213,0,138), 71,83,46),
("kutu246",  (213,83,0), 71,83,46),
("kutu246",  (213,83,46), 71,83,46),
("kutu246",  (213,83,92), 71,83,46),
("kutu246",  (213,83,138), 71,83,46),
("kutu246",  (284,0,0), 71,83,46),
("kutu246",  (284,0,46), 71,83,46),
("kutu246",  (284,0,92), 71,83,46),
("kutu246",  (284,0,138), 71,83,46),
("kutu246",  (284,83,0), 71,83,46),
("kutu246",  (284,83,46), 71,83,46),
("kutu246",  (284,83,92), 71,83,46),
("kutu246",  (284,83,138), 71,83,46),
("kutu246",  (355,0,0), 71,83,46),
("kutu246",  (355,0,46), 71,83,46),
("kutu246",  (355,0,92), 71,83,46),
("kutu247",  (355,0,138), 63,76,54),
("kutu247",  (355,83,0), 63,76,54),
("kutu247",  (355,83,54), 63,76,54),
("kutu247",  (355,83,108), 63,76,54),
("kutu247",  (355,83,162), 63,76,54),
("kutu247",  (418,83,0), 63,76,54),
("kutu247",  (418,83,54), 63,76,54),
("kutu247",  (418,83,108), 63,76,54),
("kutu247",  (418,83,162), 63,76,54),
("kutu247",  (426,0,0), 63,76,54),
("kutu247",  (426,0,54), 63,76,54),
("kutu247",  (426,0,108), 63,76,54),
("kutu247",  (426,0,162), 63,76,54),
("kutu247",  (481,83,0), 63,76,54),
("kutu247",  (481,83,54), 63,76,54),
("kutu247",  (481,83,108), 63,76,54),
("kutu247",  (481,83,162), 63,76,54),
("kutu247",  (489,0,0), 63,76,54),
("kutu247",  (489,0,54), 63,76,54),
("kutu247",  (489,0,108), 63,76,54),
("kutu247",  (489,0,162), 63,76,54),
("kutu246",  (0,0,0), 71,83,46),
("kutu246",  (0,0,46), 71,83,46),
("kutu246",  (0,0,92), 71,83,46),
("kutu246",  (0,0,138), 71,83,46),
("kutu246",  (0,83,0), 71,83,46),
("kutu246",  (0,83,46), 71,83,46),
("kutu246",  (0,83,92), 71,83,46),
("kutu246",  (0,83,138), 71,83,46),
("kutu246",  (71,0,0), 71,83,46),
("kutu246",  (71,0,46), 71,83,46),
("kutu246",  (71,0,92), 71,83,46),
("kutu246",  (71,0,138), 71,83,46),
("kutu246",  (71,83,0), 71,83,46),
("kutu246",  (71,83,46), 71,83,46),
("kutu246",  (71,83,92), 71,83,46),
("kutu246",  (71,83,138), 71,83,46),
("kutu246",  (142,0,0), 71,83,46),
("kutu246",  (142,0,92), 71,83,46),
("kutu246",  (142,83,0), 71,83,46),
("kutu246",  (142,83,46), 71,83,46),
("kutu246",  (142,83,92), 71,83,46),
("kutu246",  (213,0,0), 71,83,46),
("kutu246",  (213,0,46), 71,83,46),
("kutu246",  (213,0,92), 71,83,46),
("kutu246",  (213,0,138), 71,83,46),
("kutu246",  (213,83,0), 71,83,46),
("kutu246",  (213,83,46), 71,83,46),
("kutu246",  (213,83,92), 71,83,46),
("kutu246",  (213,83,138), 71,83,46),
("kutu246",  (284,0,0), 71,83,46),
("kutu246",  (284,0,46), 71,83,46),
("kutu246",  (284,0,138), 71,83,46),
("kutu246",  (284,83,0), 71,83,46),
("kutu246",  (284,83,46), 71,83,46),
("kutu246",  (284,83,92), 71,83,46),
("kutu246",  (355,0,0), 71,83,46),
("kutu246",  (355,0,46), 71,83,46),
("kutu246",  (355,0,92), 71,83,46),
("kutu247",  (355,0,138), 63,76,54),
("kutu247",  (355,83,0), 63,76,54),
("kutu247",  (355,83,54), 63,76,54),
("kutu247",  (355,83,108), 63,76,54),
("kutu247",  (355,83,162), 63,76,54),
("kutu247",  (418,83,0), 63,76,54),
("kutu247",  (418,83,162), 63,76,54),
("kutu247",  (426,0,54), 63,76,54),
("kutu247",  (426,0,108), 63,76,54),
("kutu247",  (426,0,162), 63,76,54),
("kutu247",  (481,83,0), 63,76,54),
("kutu247",  (481,83,54), 63,76,54),
("kutu247",  (481,83,108), 63,76,54),
("kutu247",  (481,83,162), 63,76,54),
("kutu247",  (489,0,54), 63,76,54),
("kutu247",  (489,0,162), 63,76,54),
("kutu247",  (142,0,138), 63,76,54),
("kutu248",  (142,76,138), 56,91,40),
("kutu247",  (284,83,138), 63,76,54),
("kutu247",  (418,83,54), 63,76,54),
("kutu247",  (418,83,108), 63,76,54),
("kutu247",  (426,0,0), 63,76,54),
("kutu247",  (489,0,0), 63,76,54),
("kutu248",  (142,76,178), 56,91,40),
("kutu247",  (489,0,108), 63,76,54),
("kutu246",  (142,0,46), 71,83,46),
("kutu246",  (284,0,92), 71,83,46),
("kutu246",  (0,0,0), 71,83,46),
("kutu246",  (0,0,46), 71,83,46),
("kutu246",  (0,0,92), 71,83,46),
("kutu246",  (0,0,138), 71,83,46),
("kutu246",  (0,83,0), 71,83,46),
("kutu246",  (0,83,46), 71,83,46),
("kutu246",  (0,83,92), 71,83,46),
("kutu246",  (0,83,138), 71,83,46),
("kutu246",  (71,0,0), 71,83,46),
("kutu246",  (71,0,46), 71,83,46),
("kutu246",  (71,0,92), 71,83,46),
("kutu246",  (71,0,138), 71,83,46),
("kutu246",  (71,83,0), 71,83,46),
("kutu246",  (71,83,46), 71,83,46),
("kutu246",  (71,83,92), 71,83,46),
("kutu246",  (71,83,138), 71,83,46),
("kutu246",  (142,0,0), 71,83,46),
("kutu246",  (142,0,46), 71,83,46),
("kutu246",  (142,0,92), 71,83,46),
("kutu246",  (142,0,138), 71,83,46),
("kutu246",  (142,83,0), 71,83,46),
("kutu246",  (142,83,46), 71,83,46),
("kutu246",  (142,83,92), 71,83,46),
("kutu246",  (142,83,138), 71,83,46),
("kutu246",  (213,0,0), 71,83,46),
("kutu246",  (213,0,46), 71,83,46),
("kutu246",  (213,0,92), 71,83,46),
("kutu246",  (213,0,138), 71,83,46),
("kutu246",  (213,83,0), 71,83,46),
("kutu246",  (213,83,46), 71,83,46),
("kutu246",  (213,83,92), 71,83,46),
("kutu246",  (213,83,138), 71,83,46),
("kutu246",  (284,0,0), 71,83,46),
("kutu246",  (284,0,46), 71,83,46),
("kutu246",  (284,0,92), 71,83,46),
("kutu246",  (284,0,138), 71,83,46),
("kutu246",  (284,83,0), 71,83,46),
("kutu246",  (284,83,46), 71,83,46),
("kutu246",  (284,83,92), 71,83,46),
("kutu246",  (284,83,138), 71,83,46),
("kutu246",  (355,0,0), 71,83,46),
("kutu246",  (355,0,46), 71,83,46),
("kutu246",  (355,0,92), 71,83,46),
("kutu247",  (355,0,138), 63,76,54),
("kutu247",  (355,83,0), 63,76,54),
("kutu247",  (355,83,54), 63,76,54),
("kutu247",  (355,83,108), 63,76,54),
("kutu247",  (355,83,162), 63,76,54),
("kutu247",  (418,83,0), 63,76,54),
("kutu247",  (418,83,54), 63,76,54),
("kutu247",  (418,83,108), 63,76,54),
("kutu247",  (418,83,162), 63,76,54),
("kutu247",  (426,0,0), 63,76,54),
("kutu247",  (426,0,54), 63,76,54),
("kutu247",  (426,0,108), 63,76,54),
("kutu247",  (426,0,162), 63,76,54),
("kutu247",  (481,83,0), 63,76,54),
("kutu247",  (481,83,54), 63,76,54),
("kutu247",  (481,83,108), 63,76,54),
("kutu247",  (481,83,162), 63,76,54),
("kutu247",  (489,0,0), 63,76,54),
("kutu247",  (489,0,54), 63,76,54),
("kutu247",  (489,0,108), 63,76,54),
("kutu247",  (489,0,162), 63,76,54),
