("kutu323",  (0,0,0), 79,119,79),
("kutu323",  (0,0,79), 79,119,79),
("kutu323",  (79,0,0), 79,119,79),
("kutu323",  (79,0,79), 79,119,79),
("kutu323",  (158,0,0), 79,119,79),
("kutu323",  (158,0,79), 79,119,79),
("kutu325",  (237,0,0), 81,119,65),
("kutu325",  (237,0,65), 81,119,65),
("kutu325",  (237,0,130), 81,119,65),
("kutu325",  (318,0,0), 81,119,65),
("kutu333",  (0,0,158), 55,119,50),
("kutu333",  (55,0,158), 55,119,50),
("kutu333",  (110,0,158), 55,119,50),
("kutu333",  (165,0,158), 55,119,50),
("kutu333",  (318,0,65), 55,119,50),
("kutu333",  (318,0,115), 55,119,50),
("kutu324",  (0,119,0), 65,76,62),
("kutu324",  (0,119,62), 65,76,62),
("kutu324",  (0,119,124), 65,76,62),
("kutu324",  (65,119,0), 65,76,62),
("kutu324",  (65,119,62), 65,76,62),
("kutu324",  (65,119,124), 65,76,62),
("kutu324",  (130,119,0), 65,76,62),
("kutu335",  (130,119,62), 71,76,56),
("kutu335",  (130,119,118), 71,76,56),
("kutu335",  (195,119,0), 71,76,56),
("kutu335",  (266,119,0), 71,76,56),
("kutu335",  (266,119,56), 71,76,56),
("kutu335",  (266,119,112), 71,76,56),
("kutu338",  (337,119,0), 68,70,61),
("kutu338",  (337,119,61), 68,70,61),
("kutu338",  (337,119,122), 68,70,61),
("kutu338",  (399,0,0), 68,70,61),
("kutu338",  (399,0,61), 68,70,61),
("kutu327",  (0,119,186), 89,113,27),
("kutu327",  (130,119,174), 89,113,27),
("kutu327",  (318,0,165), 89,113,27),
("kutu327",  (318,0,192), 89,113,27),
("kutu327",  (405,119,0), 89,113,27),
("kutu327",  (405,119,27), 89,113,27),
("kutu327",  (405,119,54), 89,113,27),
("kutu328",  (266,119,168), 59,98,44),
("kutu328",  (405,119,81), 59,98,44),
("kutu328",  (405,119,125), 59,98,44),
("kutu328",  (405,119,169), 59,98,44),
("kutu328",  (464,119,81), 59,98,44),
("kutu332",  (399,0,122), 66,89,43),
("kutu332",  (407,0,165), 66,89,43),
("kutu332",  (464,119,125), 66,89,43),
("kutu332",  (464,119,168), 66,89,43),
("kutu332",  (467,0,0), 66,89,43),
("kutu326",  (467,0,43), 77,91,36),
("kutu326",  (467,0,79), 77,91,36),
("kutu326",  (467,0,115), 77,91,36),
("kutu326",  (494,119,0), 77,91,36),
("kutu326",  (494,119,36), 77,91,36),
("kutu339",  (533,0,0), 46,93,39),
("kutu320",  (337,119,183), 49,72,35),
("kutu331",  (89,119,186), 40,94,25),
("kutu331",  (237,0,195), 40,94,25),
("kutu331",  (277,0,195), 40,94,25),
("kutu49",  (0,0,0), 66,75,47),
("kutu49",  (0,0,47), 66,75,47),
("kutu49",  (0,0,94), 66,75,47),
("kutu49",  (0,0,141), 66,75,47),
("kutu49",  (0,75,0), 66,75,47),
("kutu49",  (0,75,47), 66,75,47),
("kutu49",  (0,75,94), 66,75,47),
("kutu49",  (0,75,141), 66,75,47),
("kutu49",  (0,150,0), 66,75,47),
("kutu49",  (0,150,47), 66,75,47),
("kutu49",  (0,150,94), 66,75,47),
("kutu49",  (0,150,141), 66,75,47),
("kutu49",  (66,0,0), 66,75,47),
("kutu49",  (66,0,47), 66,75,47),
("kutu49",  (66,0,94), 66,75,47),
("kutu49",  (66,0,141), 66,75,47),
("kutu49",  (66,75,0), 66,75,47),
("kutu49",  (66,75,47), 66,75,47),
("kutu49",  (66,75,94), 66,75,47),
("kutu49",  (66,75,141), 66,75,47),
("kutu49",  (66,150,0), 66,75,47),
("kutu49",  (66,150,47), 66,75,47),
("kutu49",  (66,150,94), 66,75,47),
("kutu49",  (66,150,141), 66,75,47),
("kutu49",  (132,0,0), 66,75,47),
("kutu49",  (132,0,47), 66,75,47),
("kutu49",  (132,0,94), 66,75,47),
("kutu49",  (132,0,141), 66,75,47),
("kutu49",  (132,75,0), 66,75,47),
("kutu49",  (132,75,47), 66,75,47),
("kutu49",  (132,75,94), 66,75,47),
("kutu49",  (132,75,141), 66,75,47),
("kutu49",  (132,150,0), 66,75,47),
("kutu49",  (132,150,47), 66,75,47),
("kutu49",  (132,150,94), 66,75,47),
("kutu49",  (132,150,141), 66,75,47),
("kutu49",  (198,0,0), 66,75,47),
("kutu49",  (198,0,47), 66,75,47),
("kutu49",  (198,0,94), 66,75,47),
("kutu49",  (198,0,141), 66,75,47),
("kutu49",  (198,75,0), 66,75,47),
("kutu49",  (198,75,47), 66,75,47),
("kutu49",  (198,75,94), 66,75,47),
("kutu49",  (198,75,141), 66,75,47),
("kutu49",  (198,150,0), 66,75,47),
("kutu49",  (198,150,47), 66,75,47),
("kutu49",  (198,150,94), 66,75,47),
("kutu49",  (198,150,141), 66,75,47),
("kutu49",  (264,0,0), 66,75,47),
("kutu49",  (264,0,47), 66,75,47),
("kutu49",  (264,0,94), 66,75,47),
("kutu49",  (264,0,141), 66,75,47),
("kutu49",  (264,75,0), 66,75,47),
("kutu49",  (264,75,47), 66,75,47),
("kutu49",  (264,75,94), 66,75,47),
("kutu49",  (264,75,141), 66,75,47),
("kutu49",  (264,150,0), 66,75,47),
("kutu49",  (264,150,47), 66,75,47),
("kutu49",  (264,150,94), 66,75,47),
("kutu49",  (264,150,141), 66,75,47),
("kutu49",  (330,0,0), 66,75,47),
("kutu49",  (330,0,47), 66,75,47),
("kutu49",  (330,0,94), 66,75,47),
("kutu49",  (330,0,141), 66,75,47),
("kutu49",  (330,75,0), 66,75,47),
("kutu49",  (330,75,47), 66,75,47),
("kutu49",  (330,75,94), 66,75,47),
("kutu49",  (330,75,141), 66,75,47),
("kutu49",  (330,150,0), 66,75,47),
("kutu49",  (330,150,47), 66,75,47),
("kutu49",  (330,150,94), 66,75,47),
("kutu49",  (330,150,141), 66,75,47),
("kutu49",  (396,0,0), 66,75,47),
("kutu49",  (396,0,47), 66,75,47),
("kutu49",  (396,0,94), 66,75,47),
("kutu49",  (396,0,141), 66,75,47),
("kutu48",  (396,75,0), 49,72,35),
("kutu48",  (396,75,35), 49,72,35),
("kutu48",  (396,75,70), 49,72,35),
("kutu48",  (396,75,105), 49,72,35),
("kutu48",  (396,75,140), 49,72,35),
("kutu48",  (396,75,175), 49,72,35),
("kutu48",  (396,147,0), 49,72,35),
("kutu48",  (396,147,35), 49,72,35),
("kutu48",  (396,147,70), 49,72,35),
("kutu48",  (396,147,105), 49,72,35),
("kutu48",  (396,147,140), 49,72,35),
("kutu48",  (396,147,175), 49,72,35),
("kutu48",  (445,75,0), 49,72,35),
("kutu48",  (445,75,35), 49,72,35),
("kutu48",  (445,75,70), 49,72,35),
("kutu48",  (445,75,105), 49,72,35),
("kutu48",  (445,75,140), 49,72,35),
("kutu48",  (445,75,175), 49,72,35),
("kutu48",  (445,147,0), 49,72,35),
("kutu48",  (445,147,35), 49,72,35),
("kutu48",  (445,147,70), 49,72,35),
("kutu48",  (445,147,105), 49,72,35),
("kutu48",  (445,147,140), 49,72,35),
("kutu48",  (445,147,175), 49,72,35),
("kutu48",  (462,0,0), 49,72,35),
("kutu48",  (462,0,35), 49,72,35),
("kutu48",  (462,0,70), 49,72,35),
("kutu48",  (462,0,105), 49,72,35),
("kutu48",  (462,0,140), 49,72,35),
("kutu48",  (462,0,175), 49,72,35),
("kutu48",  (494,75,0), 49,72,35),
("kutu48",  (494,75,35), 49,72,35),
("kutu48",  (494,75,70), 49,72,35),
("kutu48",  (494,75,105), 49,72,35),
("kutu48",  (494,75,140), 49,72,35),
("kutu48",  (494,75,175), 49,72,35),
("kutu48",  (494,147,0), 49,72,35),
("kutu48",  (494,147,35), 49,72,35),
("kutu48",  (494,147,70), 49,72,35),
("kutu48",  (494,147,105), 49,72,35),
("kutu48",  (494,147,140), 49,72,35),
("kutu48",  (494,147,175), 49,72,35),
("kutu48",  (511,0,0), 49,72,35),
("kutu48",  (511,0,35), 49,72,35),
("kutu48",  (511,0,70), 49,72,35),
("kutu48",  (511,0,105), 49,72,35),
("kutu48",  (511,0,140), 49,72,35),
("kutu48",  (511,0,175), 49,72,35),
("kutu50",  (0,0,188), 30,78,22),
("kutu50",  (0,78,188), 30,78,22),
("kutu50",  (30,0,188), 30,78,22),
("kutu50",  (30,78,188), 30,78,22),
("kutu50",  (60,0,188), 30,78,22),
("kutu50",  (60,78,188), 30,78,22),
("kutu50",  (90,0,188), 30,78,22),
("kutu50",  (90,78,188), 30,78,22),
("kutu50",  (120,0,188), 30,78,22),
("kutu50",  (120,78,188), 30,78,22),
("kutu50",  (150,0,188), 30,78,22),
("kutu50",  (150,78,188), 30,78,22),
("kutu50",  (180,0,188), 30,78,22),
("kutu50",  (180,78,188), 30,78,22),
("kutu50",  (210,0,188), 30,78,22),
("kutu50",  (210,78,188), 30,78,22),
("kutu50",  (240,0,188), 30,78,22),
("kutu50",  (240,78,188), 30,78,22),
("kutu50",  (270,0,188), 30,78,22),
("kutu50",  (270,78,188), 30,78,22),
("kutu50",  (300,0,188), 30,78,22),
("kutu50",  (300,78,188), 30,78,22),
("kutu50",  (330,0,188), 30,78,22),
("kutu50",  (330,78,188), 30,78,22),
("kutu50",  (360,0,188), 30,78,22),
("kutu50",  (360,78,188), 30,78,22),
("kutu50",  (543,75,0), 30,78,22),
("kutu50",  (543,75,22), 30,78,22),
("kutu50",  (543,75,44), 30,78,22),
("kutu50",  (543,75,66), 30,78,22),
("kutu50",  (543,75,88), 30,78,22),
("kutu50",  (543,75,110), 30,78,22),
("kutu50",  (543,75,132), 30,78,22),
("kutu50",  (543,75,154), 30,78,22),
("kutu50",  (543,75,176), 30,78,22),
("kutu50",  (543,75,198), 30,78,22),
("kutu50",  (543,153,0), 30,78,22),
("kutu50",  (543,153,22), 30,78,22),
("kutu50",  (543,153,44), 30,78,22),
("kutu50",  (543,153,66), 30,78,22),
("kutu50",  (543,153,88), 30,78,22),
("kutu50",  (543,153,110), 30,78,22),
("kutu50",  (543,153,132), 30,78,22),
("kutu50",  (543,153,154), 30,78,22),
("kutu50",  (543,153,176), 30,78,22),
("kutu50",  (543,153,198), 30,78,22),
("kutu49",  (0,0,0), 66,75,47),
("kutu49",  (0,0,47), 66,75,47),
("kutu49",  (0,0,94), 66,75,47),
("kutu49",  (0,0,141), 66,75,47),
("kutu49",  (0,75,0), 66,75,47),
("kutu49",  (0,75,47), 66,75,47),
("kutu49",  (0,75,94), 66,75,47),
("kutu49",  (0,75,141), 66,75,47),
("kutu49",  (0,150,0), 66,75,47),
("kutu49",  (0,150,47), 66,75,47),
("kutu49",  (0,150,94), 66,75,47),
("kutu49",  (0,150,141), 66,75,47),
("kutu49",  (66,0,0), 66,75,47),
("kutu49",  (66,0,47), 66,75,47),
("kutu49",  (66,0,94), 66,75,47),
("kutu49",  (66,0,141), 66,75,47),
("kutu49",  (66,75,0), 66,75,47),
("kutu49",  (66,75,47), 66,75,47),
("kutu49",  (66,75,94), 66,75,47),
("kutu49",  (66,75,141), 66,75,47),
("kutu49",  (66,150,0), 66,75,47),
("kutu49",  (66,150,47), 66,75,47),
("kutu49",  (66,150,94), 66,75,47),
("kutu49",  (66,150,141), 66,75,47),
("kutu49",  (132,0,0), 66,75,47),
("kutu49",  (132,0,47), 66,75,47),
("kutu49",  (132,0,94), 66,75,47),
("kutu49",  (132,0,141), 66,75,47),
("kutu49",  (132,75,0), 66,75,47),
("kutu49",  (132,75,47), 66,75,47),
("kutu49",  (132,75,94), 66,75,47),
("kutu49",  (132,75,141), 66,75,47),
("kutu49",  (132,150,0), 66,75,47),
("kutu49",  (132,150,47), 66,75,47),
("kutu49",  (132,150,94), 66,75,47),
("kutu49",  (132,150,141), 66,75,47),
("kutu49",  (198,0,0), 66,75,47),
("kutu49",  (198,0,47), 66,75,47),
("kutu49",  (198,0,94), 66,75,47),
("kutu49",  (198,0,141), 66,75,47),
("kutu49",  (198,75,0), 66,75,47),
("kutu49",  (198,75,47), 66,75,47),
("kutu49",  (198,75,94), 66,75,47),
("kutu49",  (198,75,141), 66,75,47),
("kutu49",  (198,150,0), 66,75,47),
("kutu49",  (198,150,47), 66,75,47),
("kutu49",  (198,150,94), 66,75,47),
("kutu49",  (198,150,141), 66,75,47),
("kutu49",  (264,0,0), 66,75,47),
("kutu49",  (264,0,47), 66,75,47),
("kutu49",  (264,0,94), 66,75,47),
("kutu49",  (264,0,141), 66,75,47),
("kutu49",  (264,75,0), 66,75,47),
("kutu49",  (264,75,47), 66,75,47),
("kutu49",  (264,75,94), 66,75,47),
("kutu49",  (264,75,141), 66,75,47),
("kutu49",  (264,150,0), 66,75,47),
("kutu49",  (264,150,47), 66,75,47),
("kutu49",  (264,150,94), 66,75,47),
("kutu49",  (264,150,141), 66,75,47),
("kutu49",  (330,0,0), 66,75,47),
("kutu49",  (330,0,47), 66,75,47),
("kutu49",  (330,0,94), 66,75,47),
("kutu49",  (330,0,141), 66,75,47),
("kutu49",  (330,75,0), 66,75,47),
("kutu49",  (330,75,47), 66,75,47),
("kutu49",  (330,75,94), 66,75,47),
("kutu49",  (330,75,141), 66,75,47),
("kutu49",  (330,150,0), 66,75,47),
("kutu49",  (330,150,47), 66,75,47),
("kutu49",  (330,150,94), 66,75,47),
("kutu49",  (330,150,141), 66,75,47),
("kutu49",  (396,0,0), 66,75,47),
("kutu49",  (396,0,47), 66,75,47),
("kutu49",  (396,0,94), 66,75,47),
("kutu49",  (396,0,141), 66,75,47),
("kutu48",  (396,75,0), 49,72,35),
("kutu48",  (396,75,35), 49,72,35),
("kutu48",  (396,75,70), 49,72,35),
("kutu48",  (396,75,105), 49,72,35),
("kutu48",  (396,75,140), 49,72,35),
("kutu48",  (396,75,175), 49,72,35),
("kutu48",  (396,147,0), 49,72,35),
("kutu48",  (396,147,35), 49,72,35),
("kutu48",  (396,147,70), 49,72,35),
("kutu48",  (396,147,105), 49,72,35),
("kutu48",  (396,147,140), 49,72,35),
("kutu48",  (396,147,175), 49,72,35),
("kutu48",  (445,75,0), 49,72,35),
("kutu48",  (445,75,35), 49,72,35),
("kutu48",  (445,75,70), 49,72,35),
("kutu48",  (445,75,105), 49,72,35),
("kutu48",  (445,75,140), 49,72,35),
("kutu48",  (445,75,175), 49,72,35),
("kutu48",  (445,147,0), 49,72,35),
("kutu48",  (445,147,35), 49,72,35),
("kutu48",  (445,147,70), 49,72,35),
("kutu48",  (445,147,105), 49,72,35),
("kutu48",  (445,147,140), 49,72,35),
("kutu48",  (445,147,175), 49,72,35),
("kutu48",  (462,0,0), 49,72,35),
("kutu48",  (462,0,35), 49,72,35),
("kutu48",  (462,0,70), 49,72,35),
("kutu48",  (462,0,105), 49,72,35),
("kutu48",  (462,0,140), 49,72,35),
("kutu48",  (462,0,175), 49,72,35),
("kutu48",  (494,75,0), 49,72,35),
("kutu48",  (494,75,35), 49,72,35),
("kutu48",  (494,75,70), 49,72,35),
("kutu48",  (494,75,105), 49,72,35),
("kutu48",  (494,75,140), 49,72,35),
("kutu48",  (494,75,175), 49,72,35),
("kutu48",  (494,147,0), 49,72,35),
("kutu48",  (494,147,35), 49,72,35),
("kutu48",  (494,147,70), 49,72,35),
("kutu48",  (494,147,105), 49,72,35),
("kutu48",  (494,147,140), 49,72,35),
("kutu48",  (494,147,175), 49,72,35),
("kutu48",  (511,0,0), 49,72,35),
("kutu48",  (511,0,35), 49,72,35),
("kutu48",  (511,0,70), 49,72,35),
("kutu48",  (511,0,105), 49,72,35),
("kutu48",  (511,0,140), 49,72,35),
("kutu48",  (511,0,175), 49,72,35),
("kutu50",  (0,0,188), 30,78,22),
("kutu50",  (0,78,188), 30,78,22),
("kutu50",  (30,0,188), 30,78,22),
("kutu50",  (30,78,188), 30,78,22),
("kutu50",  (60,0,188), 30,78,22),
("kutu50",  (60,78,188), 30,78,22),
("kutu50",  (90,0,188), 30,78,22),
("kutu50",  (90,78,188), 30,78,22),
("kutu50",  (120,0,188), 30,78,22),
("kutu50",  (120,78,188), 30,78,22),
("kutu50",  (150,0,188), 30,78,22),
("kutu50",  (150,78,188), 30,78,22),
("kutu50",  (180,0,188), 30,78,22),
("kutu50",  (180,78,188), 30,78,22),
("kutu50",  (210,0,188), 30,78,22),
("kutu50",  (210,78,188), 30,78,22),
("kutu50",  (240,0,188), 30,78,22),
("kutu50",  (240,78,188), 30,78,22),
("kutu50",  (270,0,188), 30,78,22),
("kutu50",  (270,78,188), 30,78,22),
("kutu50",  (300,0,188), 30,78,22),
("kutu50",  (300,78,188), 30,78,22),
("kutu50",  (330,0,188), 30,78,22),
("kutu50",  (330,78,188), 30,78,22),
("kutu50",  (360,0,188), 30,78,22),
("kutu50",  (360,78,188), 30,78,22),
("kutu50",  (543,75,0), 30,78,22),
("kutu50",  (543,75,22), 30,78,22),
("kutu50",  (543,75,44), 30,78,22),
("kutu50",  (543,75,66), 30,78,22),
("kutu50",  (543,75,88), 30,78,22),
("kutu50",  (543,75,110), 30,78,22),
("kutu50",  (543,75,132), 30,78,22),
("kutu50",  (543,75,154), 30,78,22),
("kutu50",  (543,75,176), 30,78,22),
("kutu50",  (543,75,198), 30,78,22),
("kutu50",  (543,153,0), 30,78,22),
("kutu50",  (543,153,22), 30,78,22),
("kutu50",  (543,153,44), 30,78,22),
("kutu50",  (543,153,66), 30,78,22),
("kutu50",  (543,153,88), 30,78,22),
("kutu50",  (543,153,110), 30,78,22),
("kutu50",  (543,153,132), 30,78,22),
("kutu50",  (543,153,154), 30,78,22),
("kutu50",  (543,153,176), 30,78,22),
("kutu50",  (543,153,198), 30,78,22),
("kutu49",  (0,0,0), 66,75,47),
("kutu49",  (0,0,47), 66,75,47),
("kutu49",  (0,0,94), 66,75,47),
("kutu49",  (0,0,141), 66,75,47),
("kutu49",  (0,75,0), 66,75,47),
("kutu49",  (0,75,47), 66,75,47),
("kutu49",  (0,75,94), 66,75,47),
("kutu49",  (0,75,141), 66,75,47),
("kutu49",  (0,150,0), 66,75,47),
("kutu49",  (0,150,47), 66,75,47),
("kutu49",  (0,150,94), 66,75,47),
("kutu49",  (0,150,141), 66,75,47),
("kutu49",  (66,0,0), 66,75,47),
("kutu49",  (66,0,47), 66,75,47),
("kutu49",  (66,0,94), 66,75,47),
("kutu49",  (66,0,141), 66,75,47),
("kutu49",  (66,75,0), 66,75,47),
("kutu49",  (66,75,47), 66,75,47),
("kutu49",  (66,75,94), 66,75,47),
("kutu49",  (66,75,141), 66,75,47),
("kutu49",  (66,150,0), 66,75,47),
("kutu49",  (66,150,47), 66,75,47),
("kutu49",  (66,150,94), 66,75,47),
("kutu49",  (66,150,141), 66,75,47),
("kutu49",  (132,0,0), 66,75,47),
("kutu49",  (132,0,47), 66,75,47),
("kutu49",  (132,0,94), 66,75,47),
("kutu49",  (132,0,141), 66,75,47),
("kutu49",  (132,75,0), 66,75,47),
("kutu49",  (132,75,47), 66,75,47),
("kutu49",  (132,75,94), 66,75,47),
("kutu49",  (132,75,141), 66,75,47),
("kutu49",  (132,150,0), 66,75,47),
("kutu49",  (132,150,47), 66,75,47),
("kutu49",  (132,150,94), 66,75,47),
("kutu49",  (132,150,141), 66,75,47),
("kutu49",  (198,0,0), 66,75,47),
("kutu49",  (198,0,47), 66,75,47),
("kutu49",  (198,0,94), 66,75,47),
("kutu49",  (198,0,141), 66,75,47),
("kutu49",  (198,75,0), 66,75,47),
("kutu49",  (198,75,47), 66,75,47),
("kutu49",  (198,75,94), 66,75,47),
("kutu49",  (198,75,141), 66,75,47),
("kutu49",  (198,150,0), 66,75,47),
("kutu49",  (198,150,47), 66,75,47),
("kutu49",  (198,150,94), 66,75,47),
("kutu49",  (198,150,141), 66,75,47),
("kutu49",  (264,0,0), 66,75,47),
("kutu49",  (264,0,47), 66,75,47),
("kutu49",  (264,0,94), 66,75,47),
("kutu49",  (264,0,141), 66,75,47),
("kutu49",  (264,75,0), 66,75,47),
("kutu49",  (264,75,47), 66,75,47),
("kutu49",  (264,75,94), 66,75,47),
("kutu49",  (264,75,141), 66,75,47),
("kutu49",  (264,150,0), 66,75,47),
("kutu49",  (264,150,47), 66,75,47),
("kutu49",  (264,150,94), 66,75,47),
("kutu49",  (264,150,141), 66,75,47),
("kutu49",  (330,0,0), 66,75,47),
("kutu49",  (330,0,47), 66,75,47),
("kutu49",  (330,0,94), 66,75,47),
("kutu49",  (330,0,141), 66,75,47),
("kutu49",  (330,75,0), 66,75,47),
("kutu49",  (330,75,47), 66,75,47),
("kutu49",  (330,75,94), 66,75,47),
("kutu49",  (330,75,141), 66,75,47),
("kutu49",  (330,150,0), 66,75,47),
("kutu49",  (330,150,47), 66,75,47),
("kutu49",  (330,150,94), 66,75,47),
("kutu49",  (330,150,141), 66,75,47),
("kutu49",  (396,0,0), 66,75,47),
("kutu49",  (396,0,47), 66,75,47),
("kutu49",  (396,0,94), 66,75,47),
("kutu49",  (396,0,141), 66,75,47),
("kutu48",  (396,75,0), 49,72,35),
("kutu48",  (396,75,35), 49,72,35),
("kutu48",  (396,75,70), 49,72,35),
("kutu48",  (396,75,105), 49,72,35),
("kutu48",  (396,75,140), 49,72,35),
("kutu48",  (396,75,175), 49,72,35),
("kutu48",  (396,147,0), 49,72,35),
("kutu48",  (396,147,35), 49,72,35),
("kutu48",  (396,147,70), 49,72,35),
("kutu48",  (396,147,105), 49,72,35),
("kutu48",  (396,147,140), 49,72,35),
("kutu48",  (396,147,175), 49,72,35),
("kutu48",  (445,75,0), 49,72,35),
("kutu48",  (445,75,35), 49,72,35),
("kutu48",  (445,75,70), 49,72,35),
("kutu48",  (445,75,105), 49,72,35),
("kutu48",  (445,75,140), 49,72,35),
("kutu48",  (445,75,175), 49,72,35),
("kutu48",  (445,147,0), 49,72,35),
("kutu48",  (445,147,35), 49,72,35),
("kutu48",  (445,147,70), 49,72,35),
("kutu48",  (445,147,105), 49,72,35),
("kutu48",  (445,147,140), 49,72,35),
("kutu48",  (445,147,175), 49,72,35),
("kutu48",  (462,0,0), 49,72,35),
("kutu48",  (462,0,35), 49,72,35),
("kutu48",  (462,0,70), 49,72,35),
("kutu48",  (462,0,105), 49,72,35),
("kutu48",  (462,0,140), 49,72,35),
("kutu48",  (462,0,175), 49,72,35),
("kutu48",  (494,75,0), 49,72,35),
("kutu48",  (494,75,35), 49,72,35),
("kutu48",  (494,75,70), 49,72,35),
("kutu48",  (494,75,105), 49,72,35),
("kutu48",  (494,75,140), 49,72,35),
("kutu48",  (494,75,175), 49,72,35),
("kutu48",  (494,147,0), 49,72,35),
("kutu48",  (494,147,35), 49,72,35),
("kutu48",  (494,147,70), 49,72,35),
("kutu48",  (494,147,105), 49,72,35),
("kutu48",  (494,147,140), 49,72,35),
("kutu48",  (494,147,175), 49,72,35),
("kutu48",  (511,0,0), 49,72,35),
("kutu48",  (511,0,35), 49,72,35),
("kutu48",  (511,0,70), 49,72,35),
("kutu48",  (511,0,105), 49,72,35),
("kutu48",  (511,0,140), 49,72,35),
("kutu48",  (511,0,175), 49,72,35),
("kutu50",  (0,0,188), 30,78,22),
("kutu50",  (0,78,188), 30,78,22),
("kutu50",  (30,0,188), 30,78,22),
("kutu50",  (30,78,188), 30,78,22),
("kutu50",  (60,0,188), 30,78,22),
("kutu50",  (60,78,188), 30,78,22),
("kutu50",  (90,0,188), 30,78,22),
("kutu50",  (90,78,188), 30,78,22),
("kutu50",  (120,0,188), 30,78,22),
("kutu50",  (120,78,188), 30,78,22),
("kutu50",  (150,0,188), 30,78,22),
("kutu50",  (150,78,188), 30,78,22),
("kutu50",  (180,0,188), 30,78,22),
("kutu50",  (180,78,188), 30,78,22),
("kutu50",  (210,0,188), 30,78,22),
("kutu50",  (210,78,188), 30,78,22),
("kutu50",  (240,0,188), 30,78,22),
("kutu50",  (240,78,188), 30,78,22),
("kutu50",  (270,0,188), 30,78,22),
("kutu50",  (270,78,188), 30,78,22),
("kutu50",  (300,0,188), 30,78,22),
("kutu50",  (300,78,188), 30,78,22),
("kutu50",  (330,0,188), 30,78,22),
("kutu50",  (330,78,188), 30,78,22),
("kutu50",  (360,0,188), 30,78,22),
("kutu50",  (360,78,188), 30,78,22),
("kutu50",  (543,75,0), 30,78,22),
("kutu50",  (543,75,22), 30,78,22),
("kutu50",  (543,75,44), 30,78,22),
("kutu50",  (543,75,66), 30,78,22),
("kutu50",  (543,75,88), 30,78,22),
("kutu50",  (543,75,110), 30,78,22),
("kutu50",  (543,75,132), 30,78,22),
("kutu50",  (543,75,154), 30,78,22),
("kutu50",  (543,75,176), 30,78,22),
("kutu50",  (543,75,198), 30,78,22),
("kutu50",  (543,153,0), 30,78,22),
("kutu50",  (543,153,22), 30,78,22),
("kutu50",  (543,153,44), 30,78,22),
("kutu50",  (543,153,66), 30,78,22),
("kutu50",  (543,153,88), 30,78,22),
("kutu50",  (543,153,110), 30,78,22),
("kutu50",  (543,153,132), 30,78,22),
("kutu50",  (543,153,154), 30,78,22),
("kutu50",  (543,153,176), 30,78,22),
("kutu50",  (543,153,198), 30,78,22),
("kutu49",  (0,0,0), 66,75,47),
("kutu49",  (0,0,47), 66,75,47),
("kutu49",  (0,0,94), 66,75,47),
("kutu49",  (0,0,141), 66,75,47),
("kutu49",  (0,75,0), 66,75,47),
("kutu49",  (0,75,47), 66,75,47),
("kutu49",  (0,75,94), 66,75,47),
("kutu49",  (0,75,141), 66,75,47),
("kutu49",  (0,150,0), 66,75,47),
("kutu49",  (0,150,47), 66,75,47),
("kutu49",  (0,150,94), 66,75,47),
("kutu49",  (0,150,141), 66,75,47),
("kutu49",  (66,0,0), 66,75,47),
("kutu49",  (66,0,47), 66,75,47),
("kutu49",  (66,0,94), 66,75,47),
("kutu49",  (66,0,141), 66,75,47),
("kutu49",  (66,75,0), 66,75,47),
("kutu49",  (66,75,47), 66,75,47),
("kutu49",  (66,75,94), 66,75,47),
("kutu49",  (66,75,141), 66,75,47),
("kutu49",  (66,150,0), 66,75,47),
("kutu49",  (66,150,47), 66,75,47),
("kutu49",  (66,150,94), 66,75,47),
("kutu49",  (66,150,141), 66,75,47),
("kutu49",  (132,0,0), 66,75,47),
("kutu49",  (132,0,47), 66,75,47),
("kutu49",  (132,0,94), 66,75,47),
("kutu49",  (132,0,141), 66,75,47),
("kutu49",  (132,75,0), 66,75,47),
("kutu49",  (132,75,47), 66,75,47),
("kutu49",  (132,75,94), 66,75,47),
("kutu49",  (132,75,141), 66,75,47),
("kutu49",  (132,150,0), 66,75,47),
("kutu49",  (132,150,47), 66,75,47),
("kutu49",  (132,150,94), 66,75,47),
("kutu49",  (132,150,141), 66,75,47),
("kutu49",  (198,0,0), 66,75,47),
("kutu49",  (198,0,47), 66,75,47),
("kutu49",  (198,0,94), 66,75,47),
("kutu49",  (198,0,141), 66,75,47),
("kutu49",  (198,75,0), 66,75,47),
("kutu49",  (198,75,47), 66,75,47),
("kutu49",  (198,75,94), 66,75,47),
("kutu49",  (198,75,141), 66,75,47),
("kutu49",  (198,150,0), 66,75,47),
("kutu49",  (198,150,47), 66,75,47),
("kutu49",  (198,150,94), 66,75,47),
("kutu49",  (198,150,141), 66,75,47),
("kutu49",  (264,0,0), 66,75,47),
("kutu49",  (264,0,47), 66,75,47),
("kutu49",  (264,0,94), 66,75,47),
("kutu49",  (264,0,141), 66,75,47),
("kutu49",  (264,75,0), 66,75,47),
("kutu49",  (264,75,47), 66,75,47),
("kutu49",  (264,75,94), 66,75,47),
("kutu49",  (264,75,141), 66,75,47),
("kutu49",  (264,150,0), 66,75,47),
("kutu49",  (264,150,47), 66,75,47),
("kutu49",  (264,150,94), 66,75,47),
("kutu49",  (264,150,141), 66,75,47),
("kutu49",  (330,0,0), 66,75,47),
("kutu49",  (330,0,47), 66,75,47),
("kutu49",  (330,0,94), 66,75,47),
("kutu49",  (330,0,141), 66,75,47),
("kutu49",  (330,75,0), 66,75,47),
("kutu49",  (330,75,47), 66,75,47),
("kutu49",  (330,75,94), 66,75,47),
("kutu49",  (330,75,141), 66,75,47),
("kutu49",  (330,150,0), 66,75,47),
("kutu49",  (330,150,47), 66,75,47),
("kutu49",  (330,150,94), 66,75,47),
("kutu49",  (330,150,141), 66,75,47),
("kutu49",  (396,0,0), 66,75,47),
("kutu49",  (396,0,47), 66,75,47),
("kutu49",  (396,0,94), 66,75,47),
("kutu49",  (396,0,141), 66,75,47),
("kutu48",  (396,75,0), 49,72,35),
("kutu48",  (396,75,35), 49,72,35),
("kutu48",  (396,75,70), 49,72,35),
("kutu48",  (396,75,105), 49,72,35),
("kutu48",  (396,75,140), 49,72,35),
("kutu48",  (396,75,175), 49,72,35),
("kutu48",  (396,147,0), 49,72,35),
("kutu48",  (396,147,35), 49,72,35),
("kutu48",  (396,147,70), 49,72,35),
("kutu48",  (396,147,105), 49,72,35),
("kutu48",  (396,147,140), 49,72,35),
("kutu48",  (396,147,175), 49,72,35),
("kutu48",  (445,75,0), 49,72,35),
("kutu48",  (445,75,35), 49,72,35),
("kutu48",  (445,75,70), 49,72,35),
("kutu48",  (445,75,105), 49,72,35),
("kutu48",  (445,75,140), 49,72,35),
("kutu48",  (445,75,175), 49,72,35),
("kutu48",  (445,147,0), 49,72,35),
("kutu48",  (445,147,35), 49,72,35),
("kutu48",  (445,147,70), 49,72,35),
("kutu48",  (445,147,105), 49,72,35),
("kutu48",  (445,147,140), 49,72,35),
("kutu48",  (445,147,175), 49,72,35),
("kutu48",  (462,0,0), 49,72,35),
("kutu48",  (462,0,35), 49,72,35),
("kutu48",  (462,0,70), 49,72,35),
("kutu48",  (462,0,105), 49,72,35),
("kutu48",  (462,0,140), 49,72,35),
("kutu48",  (462,0,175), 49,72,35),
("kutu48",  (494,75,0), 49,72,35),
("kutu48",  (494,75,35), 49,72,35),
("kutu48",  (494,75,70), 49,72,35),
("kutu48",  (494,75,105), 49,72,35),
("kutu48",  (494,75,140), 49,72,35),
("kutu48",  (494,75,175), 49,72,35),
("kutu48",  (494,147,0), 49,72,35),
("kutu48",  (494,147,35), 49,72,35),
("kutu48",  (494,147,70), 49,72,35),
("kutu48",  (494,147,105), 49,72,35),
("kutu48",  (494,147,140), 49,72,35),
("kutu48",  (494,147,175), 49,72,35),
("kutu48",  (511,0,0), 49,72,35),
("kutu48",  (511,0,35), 49,72,35),
("kutu48",  (511,0,70), 49,72,35),
("kutu48",  (511,0,105), 49,72,35),
("kutu48",  (511,0,140), 49,72,35),
("kutu48",  (511,0,175), 49,72,35),
("kutu50",  (0,0,188), 30,78,22),
("kutu50",  (0,78,188), 30,78,22),
("kutu50",  (30,0,188), 30,78,22),
("kutu50",  (30,78,188), 30,78,22),
("kutu50",  (60,0,188), 30,78,22),
("kutu50",  (60,78,188), 30,78,22),
("kutu50",  (90,0,188), 30,78,22),
("kutu50",  (90,78,188), 30,78,22),
("kutu50",  (120,0,188), 30,78,22),
("kutu50",  (120,78,188), 30,78,22),
("kutu50",  (150,0,188), 30,78,22),
("kutu50",  (150,78,188), 30,78,22),
("kutu50",  (180,0,188), 30,78,22),
("kutu50",  (180,78,188), 30,78,22),
("kutu50",  (210,0,188), 30,78,22),
("kutu50",  (210,78,188), 30,78,22),
("kutu50",  (240,0,188), 30,78,22),
("kutu50",  (240,78,188), 30,78,22),
("kutu50",  (270,0,188), 30,78,22),
("kutu50",  (270,78,188), 30,78,22),
("kutu50",  (300,0,188), 30,78,22),
("kutu50",  (300,78,188), 30,78,22),
("kutu50",  (330,0,188), 30,78,22),
("kutu50",  (330,78,188), 30,78,22),
("kutu50",  (360,0,188), 30,78,22),
("kutu50",  (360,78,188), 30,78,22),
("kutu50",  (543,75,0), 30,78,22),
("kutu50",  (543,75,22), 30,78,22),
("kutu50",  (543,75,44), 30,78,22),
("kutu50",  (543,75,66), 30,78,22),
("kutu50",  (543,75,88), 30,78,22),
("kutu50",  (543,75,110), 30,78,22),
("kutu50",  (543,75,132), 30,78,22),
("kutu50",  (543,75,154), 30,78,22),
("kutu50",  (543,75,176), 30,78,22),
("kutu50",  (543,75,198), 30,78,22),
("kutu50",  (543,153,0), 30,78,22),
("kutu50",  (543,153,22), 30,78,22),
("kutu50",  (543,153,44), 30,78,22),
("kutu50",  (543,153,66), 30,78,22),
("kutu50",  (543,153,88), 30,78,22),
("kutu50",  (543,153,110), 30,78,22),
("kutu50",  (543,153,132), 30,78,22),
("kutu50",  (543,153,154), 30,78,22),
("kutu50",  (543,153,176), 30,78,22),
("kutu50",  (543,153,198), 30,78,22),
