("kutu1909",  (0,0,0), 90,113,54),
("kutu1909",  (0,0,54), 90,113,54),
("kutu1909",  (0,0,108), 90,113,54),
("kutu1909",  (0,0,162), 90,113,54),
("kutu1909",  (0,113,0), 90,113,54),
("kutu1909",  (0,113,54), 90,113,54),
("kutu1912",  (0,113,108), 80,81,68),
("kutu1912",  (90,0,0), 80,81,68),
("kutu1912",  (90,0,68), 80,81,68),
("kutu1912",  (90,0,136), 80,81,68),
("kutu1912",  (90,81,0), 80,81,68),
("kutu1918",  (0,113,176), 93,113,40),
("kutu1918",  (90,81,68), 93,113,40),
("kutu1918",  (80,113,108), 93,113,40),
("kutu1918",  (170,0,0), 93,113,40),
("kutu1918",  (170,113,0), 93,113,40),
("kutu1918",  (263,0,0), 93,113,40),
("kutu1913",  (263,0,40), 79,87,55),
("kutu1913",  (263,0,95), 79,87,55),
("kutu1913",  (263,0,150), 79,87,55),
("kutu1913",  (263,113,0), 79,87,55),
("kutu1913",  (263,113,55), 79,87,55),
("kutu1913",  (263,113,110), 79,87,55),
("kutu1913",  (263,113,165), 79,87,55),
("kutu1913",  (342,113,0), 79,87,55),
("kutu1913",  (342,113,55), 79,87,55),
("kutu1911",  (342,113,110), 86,94,38),
("kutu1911",  (342,113,148), 86,94,38),
("kutu1911",  (356,0,0), 86,94,38),
("kutu1911",  (356,0,38), 86,94,38),
("kutu1911",  (356,0,76), 86,94,38),
("kutu1911",  (356,0,114), 86,94,38),
("kutu1901",  (356,0,152), 58,92,52),
("kutu1901",  (421,113,0), 58,92,52),
("kutu1901",  (421,113,52), 58,92,52),
("kutu1901",  (442,0,0), 58,92,52),
("kutu1901",  (442,0,52), 58,92,52),
("kutu1901",  (442,0,104), 58,92,52),
("kutu1901",  (442,0,156), 58,92,52),
("kutu1905",  (479,113,0), 62,95,45),
("kutu1905",  (479,113,45), 62,95,45),
("kutu1905",  (479,113,90), 62,95,45),
("kutu1905",  (479,113,135), 62,95,45),
("kutu1905",  (500,0,0), 62,95,45),
("kutu1905",  (500,0,45), 62,95,45),
("kutu1910",  (500,0,90), 52,113,42),
("kutu1910",  (500,0,132), 52,113,42),
("kutu1910",  (500,0,174), 52,113,42),
("kutu1914",  (170,0,40), 52,81,45),
("kutu1914",  (170,0,85), 52,81,45),
("kutu1914",  (170,0,130), 52,81,45),
("kutu1914",  (170,0,175), 52,81,45),
("kutu1902",  (80,113,148), 85,92,21),
("kutu1902",  (170,81,40), 85,92,21),
("kutu1902",  (342,113,186), 85,92,21),
("kutu1902",  (479,113,180), 85,92,21),
("kutu1917",  (541,113,0), 40,100,33),
("kutu1917",  (541,113,33), 40,100,33),
("kutu1917",  (541,113,66), 40,100,33),
("kutu1917",  (541,113,99), 40,100,33),
("kutu1917",  (541,113,132), 40,100,33),
("kutu1904",  (90,162,0), 48,54,34),
("kutu1904",  (90,162,34), 48,54,34),
("kutu1915",  (442,92,104), 32,113,24),
("kutu1915",  (442,92,128), 32,113,24),
("kutu1915",  (442,92,152), 32,113,24),
("kutu1915",  (442,92,176), 32,113,24),
("kutu1907",  (170,173,40), 42,56,25),
("kutu1907",  (212,173,40), 42,56,25),
("kutu1907",  (212,173,65), 42,56,25),
("kutu1907",  (212,173,90), 42,56,25),
("kutu1907",  (212,173,115), 42,56,25),
("kutu1907",  (212,173,140), 42,56,25),
("kutu1907",  (212,173,165), 42,56,25),
("kutu1907",  (212,173,190), 42,56,25),
("kutu1908",  (222,0,40), 34,64,26),
("kutu1908",  (222,0,66), 34,64,26),
("kutu1908",  (222,0,92), 34,64,26),
("kutu1908",  (222,0,118), 34,64,26),
("kutu1908",  (222,0,144), 34,64,26),
("kutu286",  (0,0,0), 58,92,52),
("kutu286",  (0,0,52), 58,92,52),
("kutu286",  (0,0,104), 58,92,52),
("kutu286",  (0,0,156), 58,92,52),
("kutu286",  (0,92,0), 58,92,52),
("kutu286",  (0,92,52), 58,92,52),
("kutu286",  (0,92,104), 58,92,52),
("kutu286",  (0,92,156), 58,92,52),
("kutu286",  (58,0,0), 58,92,52),
("kutu286",  (58,0,52), 58,92,52),
("kutu286",  (58,0,104), 58,92,52),
("kutu286",  (58,0,156), 58,92,52),
("kutu286",  (58,92,0), 58,92,52),
("kutu286",  (58,92,52), 58,92,52),
("kutu286",  (58,92,104), 58,92,52),
("kutu286",  (58,92,156), 58,92,52),
("kutu286",  (116,0,0), 58,92,52),
("kutu286",  (116,0,52), 58,92,52),
("kutu286",  (116,0,104), 58,92,52),
("kutu286",  (116,0,156), 58,92,52),
("kutu286",  (116,92,0), 58,92,52),
("kutu286",  (116,92,52), 58,92,52),
("kutu286",  (116,92,104), 58,92,52),
("kutu286",  (116,92,156), 58,92,52),
("kutu286",  (174,0,0), 58,92,52),
("kutu286",  (174,0,52), 58,92,52),
("kutu286",  (174,0,104), 58,92,52),
("kutu286",  (174,0,156), 58,92,52),
("kutu286",  (174,92,0), 58,92,52),
("kutu286",  (174,92,52), 58,92,52),
("kutu286",  (174,92,104), 58,92,52),
("kutu286",  (174,92,156), 58,92,52),
("kutu286",  (232,0,0), 58,92,52),
("kutu286",  (232,0,52), 58,92,52),
("kutu286",  (232,0,104), 58,92,52),
("kutu286",  (232,0,156), 58,92,52),
("kutu286",  (232,92,0), 58,92,52),
("kutu286",  (232,92,52), 58,92,52),
("kutu286",  (232,92,104), 58,92,52),
("kutu286",  (232,92,156), 58,92,52),
("kutu286",  (290,0,0), 58,92,52),
("kutu286",  (290,0,52), 58,92,52),
("kutu286",  (290,0,104), 58,92,52),
("kutu286",  (290,0,156), 58,92,52),
("kutu286",  (290,92,0), 58,92,52),
("kutu286",  (290,92,52), 58,92,52),
("kutu286",  (290,92,104), 58,92,52),
("kutu286",  (290,92,156), 58,92,52),
("kutu286",  (348,0,0), 58,92,52),
("kutu286",  (348,0,52), 58,92,52),
("kutu286",  (348,0,104), 58,92,52),
("kutu286",  (348,0,156), 58,92,52),
("kutu286",  (348,92,0), 58,92,52),
("kutu287",  (348,92,52), 85,92,21),
("kutu287",  (348,92,73), 85,92,21),
("kutu287",  (348,92,94), 85,92,21),
("kutu287",  (348,92,115), 85,92,21),
("kutu287",  (348,92,136), 85,92,21),
("kutu287",  (348,92,157), 85,92,21),
("kutu287",  (348,92,178), 85,92,21),
("kutu287",  (348,92,199), 85,92,21),
("kutu287",  (406,0,0), 85,92,21),
("kutu287",  (406,0,21), 85,92,21),
("kutu287",  (406,0,42), 85,92,21),
("kutu287",  (406,0,63), 85,92,21),
("kutu287",  (406,0,84), 85,92,21),
("kutu287",  (406,0,105), 85,92,21),
("kutu287",  (406,0,126), 85,92,21),
("kutu287",  (406,0,147), 85,92,21),
("kutu287",  (406,0,168), 85,92,21),
("kutu287",  (406,0,189), 85,92,21),
("kutu287",  (406,92,0), 85,92,21),
("kutu287",  (406,92,21), 85,92,21),
("kutu287",  (491,0,0), 85,92,21),
("kutu287",  (491,0,21), 85,92,21),
("kutu287",  (491,0,42), 85,92,21),
("kutu287",  (491,0,63), 85,92,21),
("kutu287",  (491,0,84), 85,92,21),
("kutu287",  (491,0,105), 85,92,21),
("kutu287",  (491,0,126), 85,92,21),
("kutu287",  (491,0,147), 85,92,21),
("kutu287",  (491,0,168), 85,92,21),
("kutu287",  (491,0,189), 85,92,21),
("kutu287",  (491,92,0), 85,92,21),
("kutu287",  (491,92,21), 85,92,21),
("kutu287",  (491,92,42), 85,92,21),
("kutu287",  (491,92,63), 85,92,21),
("kutu287",  (491,92,84), 85,92,21),
("kutu287",  (491,92,105), 85,92,21),
("kutu287",  (491,92,126), 85,92,21),
("kutu287",  (491,92,147), 85,92,21),
("kutu287",  (491,92,168), 85,92,21),
("kutu287",  (491,92,189), 85,92,21),
("kutu286",  (0,0,0), 58,92,52),
("kutu286",  (0,0,52), 58,92,52),
("kutu286",  (0,0,104), 58,92,52),
("kutu286",  (0,0,156), 58,92,52),
("kutu286",  (0,92,0), 58,92,52),
("kutu286",  (0,92,52), 58,92,52),
("kutu286",  (0,92,104), 58,92,52),
("kutu286",  (0,92,156), 58,92,52),
("kutu286",  (58,0,0), 58,92,52),
("kutu286",  (58,0,52), 58,92,52),
("kutu286",  (58,0,104), 58,92,52),
("kutu286",  (58,0,156), 58,92,52),
("kutu286",  (58,92,0), 58,92,52),
("kutu286",  (58,92,52), 58,92,52),
("kutu286",  (58,92,104), 58,92,52),
("kutu286",  (58,92,156), 58,92,52),
("kutu286",  (116,0,0), 58,92,52),
("kutu286",  (116,0,52), 58,92,52),
("kutu286",  (116,0,104), 58,92,52),
("kutu286",  (116,0,156), 58,92,52),
("kutu286",  (116,92,0), 58,92,52),
("kutu286",  (116,92,52), 58,92,52),
("kutu286",  (116,92,104), 58,92,52),
("kutu286",  (116,92,156), 58,92,52),
("kutu286",  (174,0,0), 58,92,52),
("kutu286",  (174,0,52), 58,92,52),
("kutu286",  (174,0,104), 58,92,52),
("kutu286",  (174,0,156), 58,92,52),
("kutu286",  (174,92,0), 58,92,52),
("kutu286",  (174,92,52), 58,92,52),
("kutu286",  (174,92,104), 58,92,52),
("kutu286",  (174,92,156), 58,92,52),
("kutu286",  (232,0,0), 58,92,52),
("kutu286",  (232,0,52), 58,92,52),
("kutu286",  (232,0,104), 58,92,52),
("kutu286",  (232,0,156), 58,92,52),
("kutu286",  (232,92,0), 58,92,52),
("kutu286",  (232,92,52), 58,92,52),
("kutu286",  (232,92,104), 58,92,52),
("kutu286",  (232,92,156), 58,92,52),
("kutu286",  (290,0,0), 58,92,52),
("kutu286",  (290,0,52), 58,92,52),
("kutu286",  (290,0,104), 58,92,52),
("kutu286",  (290,0,156), 58,92,52),
("kutu286",  (290,92,0), 58,92,52),
("kutu286",  (290,92,52), 58,92,52),
("kutu286",  (290,92,104), 58,92,52),
("kutu286",  (290,92,156), 58,92,52),
("kutu286",  (348,0,0), 58,92,52),
("kutu286",  (348,0,52), 58,92,52),
("kutu286",  (348,0,104), 58,92,52),
("kutu286",  (348,0,156), 58,92,52),
("kutu286",  (348,92,0), 58,92,52),
("kutu287",  (348,92,52), 85,92,21),
("kutu287",  (348,92,73), 85,92,21),
("kutu287",  (348,92,94), 85,92,21),
("kutu287",  (348,92,115), 85,92,21),
("kutu287",  (348,92,136), 85,92,21),
("kutu287",  (348,92,157), 85,92,21),
("kutu287",  (348,92,178), 85,92,21),
("kutu287",  (348,92,199), 85,92,21),
("kutu287",  (406,0,0), 85,92,21),
("kutu287",  (406,0,21), 85,92,21),
("kutu287",  (406,0,42), 85,92,21),
("kutu287",  (406,0,63), 85,92,21),
("kutu287",  (406,0,84), 85,92,21),
("kutu287",  (406,0,105), 85,92,21),
("kutu287",  (406,0,126), 85,92,21),
("kutu287",  (406,0,147), 85,92,21),
("kutu287",  (406,0,168), 85,92,21),
("kutu287",  (406,0,189), 85,92,21),
("kutu287",  (406,92,0), 85,92,21),
("kutu287",  (406,92,21), 85,92,21),
("kutu287",  (491,0,0), 85,92,21),
("kutu287",  (491,0,21), 85,92,21),
("kutu287",  (491,0,42), 85,92,21),
("kutu287",  (491,0,63), 85,92,21),
("kutu287",  (491,0,84), 85,92,21),
("kutu287",  (491,0,105), 85,92,21),
("kutu287",  (491,0,126), 85,92,21),
("kutu287",  (491,0,147), 85,92,21),
("kutu287",  (491,0,168), 85,92,21),
("kutu287",  (491,0,189), 85,92,21),
("kutu287",  (491,92,0), 85,92,21),
("kutu287",  (491,92,21), 85,92,21),
("kutu287",  (491,92,42), 85,92,21),
("kutu287",  (491,92,63), 85,92,21),
("kutu287",  (491,92,84), 85,92,21),
("kutu287",  (491,92,105), 85,92,21),
("kutu287",  (491,92,126), 85,92,21),
("kutu287",  (491,92,147), 85,92,21),
("kutu287",  (491,92,168), 85,92,21),
("kutu287",  (491,92,189), 85,92,21),
("kutu286",  (0,0,0), 58,92,52),
("kutu286",  (0,0,52), 58,92,52),
("kutu286",  (0,0,104), 58,92,52),
("kutu286",  (0,0,156), 58,92,52),
("kutu286",  (0,92,0), 58,92,52),
("kutu286",  (0,92,52), 58,92,52),
("kutu286",  (0,92,104), 58,92,52),
("kutu286",  (0,92,156), 58,92,52),
("kutu286",  (58,0,0), 58,92,52),
("kutu286",  (58,0,52), 58,92,52),
("kutu286",  (58,0,104), 58,92,52),
("kutu286",  (58,0,156), 58,92,52),
("kutu286",  (58,92,0), 58,92,52),
("kutu286",  (58,92,52), 58,92,52),
("kutu286",  (58,92,104), 58,92,52),
("kutu286",  (58,92,156), 58,92,52),
("kutu286",  (116,0,0), 58,92,52),
("kutu286",  (116,0,52), 58,92,52),
("kutu286",  (116,0,104), 58,92,52),
("kutu286",  (116,0,156), 58,92,52),
("kutu286",  (116,92,0), 58,92,52),
("kutu286",  (116,92,52), 58,92,52),
("kutu286",  (116,92,104), 58,92,52),
("kutu286",  (116,92,156), 58,92,52),
("kutu286",  (174,0,0), 58,92,52),
("kutu286",  (174,0,52), 58,92,52),
("kutu286",  (174,0,104), 58,92,52),
("kutu286",  (174,0,156), 58,92,52),
("kutu286",  (174,92,0), 58,92,52),
("kutu286",  (174,92,52), 58,92,52),
("kutu286",  (174,92,104), 58,92,52),
("kutu286",  (174,92,156), 58,92,52),
("kutu286",  (232,0,0), 58,92,52),
("kutu286",  (232,0,52), 58,92,52),
("kutu286",  (232,0,104), 58,92,52),
("kutu286",  (232,0,156), 58,92,52),
("kutu286",  (232,92,0), 58,92,52),
("kutu286",  (232,92,52), 58,92,52),
("kutu286",  (232,92,104), 58,92,52),
("kutu286",  (232,92,156), 58,92,52),
("kutu286",  (290,0,0), 58,92,52),
("kutu286",  (290,0,52), 58,92,52),
("kutu286",  (290,0,104), 58,92,52),
("kutu286",  (290,0,156), 58,92,52),
("kutu286",  (290,92,0), 58,92,52),
("kutu286",  (290,92,52), 58,92,52),
("kutu286",  (290,92,104), 58,92,52),
("kutu286",  (290,92,156), 58,92,52),
("kutu286",  (348,0,0), 58,92,52),
("kutu286",  (348,0,52), 58,92,52),
("kutu286",  (348,0,104), 58,92,52),
("kutu286",  (348,0,156), 58,92,52),
("kutu286",  (348,92,0), 58,92,52),
("kutu287",  (348,92,52), 85,92,21),
("kutu287",  (348,92,73), 85,92,21),
("kutu287",  (348,92,94), 85,92,21),
("kutu287",  (348,92,115), 85,92,21),
("kutu287",  (348,92,136), 85,92,21),
("kutu287",  (348,92,157), 85,92,21),
("kutu287",  (348,92,178), 85,92,21),
("kutu287",  (348,92,199), 85,92,21),
("kutu287",  (406,0,0), 85,92,21),
("kutu287",  (406,0,21), 85,92,21),
("kutu287",  (406,0,42), 85,92,21),
("kutu287",  (406,0,63), 85,92,21),
("kutu287",  (406,0,84), 85,92,21),
("kutu287",  (406,0,105), 85,92,21),
("kutu287",  (406,0,126), 85,92,21),
("kutu287",  (406,0,147), 85,92,21),
("kutu287",  (406,0,168), 85,92,21),
("kutu287",  (406,0,189), 85,92,21),
("kutu287",  (406,92,0), 85,92,21),
("kutu287",  (406,92,21), 85,92,21),
("kutu287",  (491,0,0), 85,92,21),
("kutu287",  (491,0,21), 85,92,21),
("kutu287",  (491,0,42), 85,92,21),
("kutu287",  (491,0,63), 85,92,21),
("kutu287",  (491,0,84), 85,92,21),
("kutu287",  (491,0,105), 85,92,21),
("kutu287",  (491,0,126), 85,92,21),
("kutu287",  (491,0,147), 85,92,21),
("kutu287",  (491,0,168), 85,92,21),
("kutu287",  (491,0,189), 85,92,21),
("kutu287",  (491,92,0), 85,92,21),
("kutu287",  (491,92,21), 85,92,21),
("kutu287",  (491,92,42), 85,92,21),
("kutu287",  (491,92,63), 85,92,21),
("kutu287",  (491,92,84), 85,92,21),
("kutu287",  (491,92,105), 85,92,21),
("kutu287",  (491,92,126), 85,92,21),
("kutu287",  (491,92,147), 85,92,21),
("kutu287",  (491,92,168), 85,92,21),
("kutu287",  (491,92,189), 85,92,21),
("kutu286",  (0,0,0), 58,92,52),
("kutu286",  (0,0,52), 58,92,52),
("kutu286",  (0,0,104), 58,92,52),
("kutu286",  (0,0,156), 58,92,52),
("kutu286",  (0,92,0), 58,92,52),
("kutu286",  (0,92,52), 58,92,52),
("kutu286",  (0,92,104), 58,92,52),
("kutu286",  (0,92,156), 58,92,52),
("kutu286",  (58,0,0), 58,92,52),
("kutu286",  (58,0,52), 58,92,52),
("kutu286",  (58,0,104), 58,92,52),
("kutu286",  (58,0,156), 58,92,52),
("kutu286",  (58,92,0), 58,92,52),
("kutu286",  (58,92,52), 58,92,52),
("kutu286",  (58,92,104), 58,92,52),
("kutu286",  (58,92,156), 58,92,52),
("kutu286",  (116,0,0), 58,92,52),
("kutu286",  (116,0,52), 58,92,52),
("kutu286",  (116,0,104), 58,92,52),
("kutu286",  (116,0,156), 58,92,52),
("kutu286",  (116,92,0), 58,92,52),
("kutu286",  (116,92,52), 58,92,52),
("kutu286",  (116,92,104), 58,92,52),
("kutu286",  (116,92,156), 58,92,52),
("kutu286",  (174,0,0), 58,92,52),
("kutu286",  (174,0,52), 58,92,52),
("kutu286",  (174,0,104), 58,92,52),
("kutu286",  (174,0,156), 58,92,52),
("kutu286",  (174,92,0), 58,92,52),
("kutu286",  (174,92,52), 58,92,52),
("kutu286",  (174,92,104), 58,92,52),
("kutu286",  (174,92,156), 58,92,52),
("kutu286",  (232,0,0), 58,92,52),
("kutu286",  (232,0,52), 58,92,52),
("kutu286",  (232,0,104), 58,92,52),
("kutu286",  (232,0,156), 58,92,52),
("kutu286",  (232,92,0), 58,92,52),
("kutu286",  (232,92,52), 58,92,52),
("kutu286",  (232,92,104), 58,92,52),
("kutu286",  (232,92,156), 58,92,52),
("kutu286",  (290,0,0), 58,92,52),
("kutu286",  (290,0,52), 58,92,52),
("kutu286",  (290,0,104), 58,92,52),
("kutu286",  (290,0,156), 58,92,52),
("kutu286",  (290,92,0), 58,92,52),
("kutu286",  (290,92,52), 58,92,52),
("kutu286",  (290,92,104), 58,92,52),
("kutu286",  (290,92,156), 58,92,52),
("kutu286",  (348,0,0), 58,92,52),
("kutu286",  (348,0,52), 58,92,52),
("kutu286",  (348,0,104), 58,92,52),
("kutu286",  (348,0,156), 58,92,52),
("kutu286",  (348,92,0), 58,92,52),
("kutu287",  (348,92,52), 85,92,21),
("kutu287",  (348,92,73), 85,92,21),
("kutu287",  (348,92,94), 85,92,21),
("kutu287",  (348,92,115), 85,92,21),
("kutu287",  (348,92,136), 85,92,21),
("kutu287",  (348,92,157), 85,92,21),
("kutu287",  (348,92,178), 85,92,21),
("kutu287",  (348,92,199), 85,92,21),
("kutu287",  (406,0,0), 85,92,21),
("kutu287",  (406,0,21), 85,92,21),
("kutu287",  (406,0,42), 85,92,21),
("kutu287",  (406,0,63), 85,92,21),
("kutu287",  (406,0,84), 85,92,21),
("kutu287",  (406,0,105), 85,92,21),
("kutu287",  (406,0,126), 85,92,21),
("kutu287",  (406,0,147), 85,92,21),
("kutu287",  (406,0,168), 85,92,21),
("kutu287",  (406,0,189), 85,92,21),
("kutu287",  (406,92,0), 85,92,21),
("kutu287",  (406,92,21), 85,92,21),
("kutu287",  (491,0,0), 85,92,21),
("kutu287",  (491,0,21), 85,92,21),
("kutu287",  (491,0,42), 85,92,21),
("kutu287",  (491,0,63), 85,92,21),
("kutu287",  (491,0,84), 85,92,21),
("kutu287",  (491,0,105), 85,92,21),
("kutu287",  (491,0,126), 85,92,21),
("kutu287",  (491,0,147), 85,92,21),
("kutu287",  (491,0,168), 85,92,21),
("kutu287",  (491,0,189), 85,92,21),
("kutu287",  (491,92,0), 85,92,21),
("kutu287",  (491,92,21), 85,92,21),
("kutu287",  (491,92,42), 85,92,21),
("kutu287",  (491,92,63), 85,92,21),
("kutu287",  (491,92,84), 85,92,21),
("kutu287",  (491,92,105), 85,92,21),
("kutu287",  (491,92,126), 85,92,21),
("kutu287",  (491,92,147), 85,92,21),
("kutu287",  (491,92,168), 85,92,21),
("kutu287",  (491,92,189), 85,92,21),
