("kutu1081",  (0,0,0), 78,81,66),
("kutu1081",  (0,0,66), 78,81,66),
("kutu1081",  (0,0,132), 78,81,66),
("kutu1081",  (0,81,0), 78,81,66),
("kutu1081",  (0,81,66), 78,81,66),
("kutu1081",  (0,81,132), 78,81,66),
("kutu1081",  (78,0,0), 78,81,66),
("kutu1081",  (78,0,66), 78,81,66),
("kutu1081",  (78,0,132), 78,81,66),
("kutu1081",  (78,81,0), 78,81,66),
("kutu1092",  (78,81,66), 62,108,57),
("kutu1092",  (78,81,123), 62,108,57),
("kutu1092",  (156,0,0), 62,108,57),
("kutu1092",  (156,0,57), 62,108,57),
("kutu1089",  (156,0,114), 71,88,61),
("kutu1089",  (156,108,0), 71,88,61),
("kutu1089",  (156,108,61), 71,88,61),
("kutu1089",  (156,108,122), 71,88,61),
("kutu1089",  (218,0,0), 71,88,61),
("kutu1089",  (227,108,0), 71,88,61),
("kutu1089",  (227,108,61), 71,88,61),
("kutu1099",  (227,108,122), 73,78,61),
("kutu1099",  (289,0,0), 73,78,61),
("kutu1099",  (289,0,61), 73,78,61),
("kutu1099",  (289,0,122), 73,78,61),
("kutu1099",  (298,108,0), 73,78,61),
("kutu1099",  (298,108,61), 73,78,61),
("kutu1099",  (300,108,122), 73,78,61),
("kutu1099",  (362,0,0), 73,78,61),
("kutu1091",  (78,81,180), 77,108,37),
("kutu1091",  (156,0,175), 77,108,37),
("kutu1091",  (156,108,183), 77,108,37),
("kutu1091",  (233,108,183), 77,108,37),
("kutu1091",  (289,0,183), 77,108,37),
("kutu1091",  (310,108,183), 77,108,37),
("kutu1091",  (362,0,61), 77,108,37),
("kutu1083",  (371,108,0), 63,119,37),
("kutu1083",  (371,108,37), 63,119,37),
("kutu1083",  (371,108,74), 63,119,37),
("kutu1083",  (434,108,0), 63,119,37),
("kutu1083",  (434,108,37), 63,119,37),
("kutu1080",  (362,0,98), 94,100,28),
("kutu1080",  (362,0,126), 94,100,28),
("kutu1080",  (362,0,154), 94,100,28),
("kutu1080",  (434,108,74), 94,100,28),
("kutu1080",  (434,108,102), 94,100,28),
("kutu1080",  (434,108,130), 94,100,28),
("kutu1080",  (434,108,158), 94,100,28),
("kutu1080",  (434,108,186), 94,100,28),
("kutu1094",  (218,0,61), 46,92,43),
("kutu1094",  (435,0,0), 46,92,43),
("kutu1094",  (481,0,0), 46,92,43),
("kutu1094",  (481,0,43), 46,92,43),
("kutu1094",  (481,0,86), 46,92,43),
("kutu1094",  (481,0,129), 46,92,43),
("kutu1094",  (481,0,172), 46,92,43),
("kutu1094",  (497,108,0), 46,92,43),
("kutu1094",  (527,0,0), 46,92,43),
("kutu1098",  (497,108,43), 70,92,28),
("kutu1086",  (527,0,43), 55,108,29),
("kutu1086",  (527,0,72), 55,108,29),
("kutu1086",  (527,0,101), 55,108,29),
("kutu1086",  (527,0,130), 55,108,29),
("kutu1086",  (527,0,159), 55,108,29),
("kutu1086",  (527,0,188), 55,108,29),
("kutu1095",  (0,162,0), 53,62,51),
("kutu1095",  (0,162,51), 53,62,51),
("kutu1095",  (0,162,102), 53,62,51),
("kutu1095",  (0,162,153), 53,62,51),
("kutu1095",  (53,162,0), 53,62,51),
("kutu1088",  (106,162,0), 46,69,44),
("kutu1082",  (0,0,198), 49,111,21),
("kutu1097",  (543,108,0), 39,74,38),
("kutu1096",  (49,0,198), 69,79,20),
("kutu163",  (0,0,0), 78,81,66),
("kutu163",  (0,0,66), 78,81,66),
("kutu163",  (0,0,132), 78,81,66),
("kutu163",  (0,81,0), 78,81,66),
("kutu163",  (0,81,66), 78,81,66),
("kutu163",  (0,81,132), 78,81,66),
("kutu163",  (78,0,0), 78,81,66),
("kutu163",  (78,0,66), 78,81,66),
("kutu163",  (78,0,132), 78,81,66),
("kutu163",  (78,81,0), 78,81,66),
("kutu163",  (78,81,66), 78,81,66),
("kutu163",  (78,81,132), 78,81,66),
("kutu163",  (156,0,0), 78,81,66),
("kutu163",  (156,0,66), 78,81,66),
("kutu163",  (156,0,132), 78,81,66),
("kutu163",  (156,81,0), 78,81,66),
("kutu163",  (156,81,66), 78,81,66),
("kutu163",  (156,81,132), 78,81,66),
("kutu163",  (234,0,0), 78,81,66),
("kutu163",  (234,0,66), 78,81,66),
("kutu163",  (234,0,132), 78,81,66),
("kutu163",  (234,81,0), 78,81,66),
("kutu163",  (234,81,66), 78,81,66),
("kutu163",  (234,81,132), 78,81,66),
("kutu163",  (312,0,0), 78,81,66),
("kutu163",  (312,0,66), 78,81,66),
("kutu163",  (312,0,132), 78,81,66),
("kutu163",  (312,81,0), 78,81,66),
("kutu163",  (312,81,66), 78,81,66),
("kutu163",  (312,81,132), 78,81,66),
("kutu163",  (390,0,0), 78,81,66),
("kutu163",  (390,0,66), 78,81,66),
("kutu163",  (390,0,132), 78,81,66),
("kutu163",  (390,81,0), 78,81,66),
("kutu163",  (390,81,66), 78,81,66),
("kutu163",  (390,81,132), 78,81,66),
("kutu162",  (468,0,0), 94,100,28),
("kutu162",  (468,0,28), 94,100,28),
("kutu162",  (468,0,56), 94,100,28),
("kutu162",  (468,0,84), 94,100,28),
("kutu162",  (468,0,112), 94,100,28),
("kutu162",  (468,0,140), 94,100,28),
("kutu162",  (468,0,168), 94,100,28),
("kutu162",  (468,100,0), 94,100,28),
("kutu162",  (468,100,28), 94,100,28),
("kutu162",  (468,100,56), 94,100,28),
("kutu162",  (468,100,84), 94,100,28),
("kutu162",  (468,100,112), 94,100,28),
("kutu162",  (468,100,140), 94,100,28),
("kutu162",  (468,100,168), 94,100,28),
("kutu164",  (0,0,198), 49,111,21),
("kutu164",  (49,0,198), 49,111,21),
("kutu164",  (98,0,198), 49,111,21),
("kutu164",  (147,0,198), 49,111,21),
("kutu164",  (196,0,198), 49,111,21),
("kutu164",  (245,0,198), 49,111,21),
("kutu164",  (294,0,198), 49,111,21),
("kutu164",  (343,0,198), 49,111,21),
("kutu164",  (392,0,198), 49,111,21),
("kutu164",  (441,0,198), 49,111,21),
("kutu163",  (0,0,66), 78,81,66),
("kutu163",  (0,0,132), 78,81,66),
("kutu163",  (0,81,132), 78,81,66),
("kutu163",  (78,0,66), 78,81,66),
("kutu163",  (78,0,132), 78,81,66),
("kutu163",  (78,81,0), 78,81,66),
("kutu163",  (78,81,66), 78,81,66),
("kutu163",  (156,0,0), 78,81,66),
("kutu163",  (156,81,66), 78,81,66),
("kutu163",  (234,0,66), 78,81,66),
("kutu163",  (234,81,66), 78,81,66),
("kutu163",  (312,0,0), 78,81,66),
("kutu163",  (312,0,132), 78,81,66),
("kutu163",  (312,81,0), 78,81,66),
("kutu163",  (312,81,132), 78,81,66),
("kutu163",  (390,0,66), 78,81,66),
("kutu163",  (390,81,0), 78,81,66),
("kutu163",  (390,81,66), 78,81,66),
("kutu163",  (390,81,132), 78,81,66),
("kutu162",  (468,0,0), 94,100,28),
("kutu162",  (468,0,56), 94,100,28),
("kutu162",  (468,0,112), 94,100,28),
("kutu162",  (468,0,140), 94,100,28),
("kutu162",  (468,0,168), 94,100,28),
("kutu162",  (468,100,0), 94,100,28),
("kutu162",  (468,100,28), 94,100,28),
("kutu162",  (468,100,56), 94,100,28),
("kutu162",  (468,100,168), 94,100,28),
("kutu164",  (0,0,198), 49,111,21),
("kutu164",  (49,0,198), 49,111,21),
("kutu164",  (147,0,198), 49,111,21),
("kutu164",  (196,0,198), 49,111,21),
("kutu164",  (343,0,198), 49,111,21),
("kutu164",  (392,0,198), 49,111,21),
("kutu164",  (0,0,0), 49,111,21),
("kutu162",  (78,81,132), 94,100,28),
("kutu164",  (0,0,21), 49,111,21),
("kutu162",  (78,81,160), 94,100,28),
("kutu163",  (0,111,0), 78,81,66),
("kutu162",  (156,81,0), 94,100,28),
("kutu162",  (156,81,28), 94,100,28),
("kutu162",  (172,81,132), 94,100,28),
("kutu162",  (172,81,160), 94,100,28),
("kutu162",  (468,0,28), 94,100,28),
("kutu164",  (0,0,42), 49,111,21),
("kutu163",  (0,81,66), 78,81,66),
("kutu164",  (98,0,198), 49,111,21),
("kutu162",  (468,0,84), 94,100,28),
("kutu162",  (468,100,84), 94,100,28),
("kutu164",  (250,81,0), 49,111,21),
("kutu163",  (49,0,0), 78,81,66),
("kutu164",  (250,81,21), 49,111,21),
("kutu164",  (250,81,42), 49,111,21),
("kutu162",  (468,100,112), 94,100,28),
("kutu163",  (156,0,66), 78,81,66),
("kutu162",  (468,100,140), 94,100,28),
("kutu164",  (312,0,66), 49,111,21),
("kutu164",  (312,0,87), 49,111,21),
("kutu163",  (156,0,132), 78,81,66),
("kutu164",  (312,0,108), 49,111,21),
("kutu164",  (468,0,196), 49,111,21),
("kutu163",  (234,0,0), 78,81,66),
("kutu164",  (468,111,196), 49,111,21),
("kutu163",  (234,0,132), 78,81,66),
("kutu164",  (245,0,198), 49,111,21),
("kutu163",  (312,111,66), 78,81,66),
("kutu164",  (294,0,198), 49,111,21),
("kutu163",  (390,0,0), 78,81,66),
("kutu164",  (517,0,196), 49,111,21),
("kutu164",  (517,111,196), 49,111,21),
("kutu163",  (390,0,132), 78,81,66),
("kutu163",  (0,0,0), 78,81,66),
("kutu163",  (0,0,66), 78,81,66),
("kutu163",  (0,0,132), 78,81,66),
("kutu163",  (0,81,0), 78,81,66),
("kutu163",  (0,81,66), 78,81,66),
("kutu163",  (0,81,132), 78,81,66),
("kutu163",  (78,0,0), 78,81,66),
("kutu163",  (78,0,66), 78,81,66),
("kutu163",  (78,0,132), 78,81,66),
("kutu163",  (78,81,0), 78,81,66),
("kutu163",  (78,81,66), 78,81,66),
("kutu163",  (78,81,132), 78,81,66),
("kutu163",  (156,0,0), 78,81,66),
("kutu163",  (156,0,66), 78,81,66),
("kutu163",  (156,0,132), 78,81,66),
("kutu163",  (156,81,0), 78,81,66),
("kutu163",  (156,81,66), 78,81,66),
("kutu163",  (156,81,132), 78,81,66),
("kutu163",  (234,0,0), 78,81,66),
("kutu163",  (234,0,66), 78,81,66),
("kutu163",  (234,0,132), 78,81,66),
("kutu163",  (234,81,0), 78,81,66),
("kutu163",  (234,81,66), 78,81,66),
("kutu163",  (234,81,132), 78,81,66),
("kutu163",  (312,0,0), 78,81,66),
("kutu163",  (312,0,66), 78,81,66),
("kutu163",  (312,0,132), 78,81,66),
("kutu163",  (312,81,0), 78,81,66),
("kutu163",  (312,81,66), 78,81,66),
("kutu163",  (312,81,132), 78,81,66),
("kutu163",  (390,0,0), 78,81,66),
("kutu163",  (390,0,66), 78,81,66),
("kutu163",  (390,0,132), 78,81,66),
("kutu163",  (390,81,0), 78,81,66),
("kutu163",  (390,81,66), 78,81,66),
("kutu163",  (390,81,132), 78,81,66),
("kutu162",  (468,0,0), 94,100,28),
("kutu162",  (468,0,28), 94,100,28),
("kutu162",  (468,0,56), 94,100,28),
("kutu162",  (468,0,84), 94,100,28),
("kutu162",  (468,0,112), 94,100,28),
("kutu162",  (468,0,140), 94,100,28),
("kutu162",  (468,0,168), 94,100,28),
("kutu162",  (468,100,0), 94,100,28),
("kutu162",  (468,100,28), 94,100,28),
("kutu162",  (468,100,56), 94,100,28),
("kutu162",  (468,100,84), 94,100,28),
("kutu162",  (468,100,112), 94,100,28),
("kutu162",  (468,100,140), 94,100,28),
("kutu162",  (468,100,168), 94,100,28),
("kutu164",  (0,0,198), 49,111,21),
("kutu164",  (49,0,198), 49,111,21),
("kutu164",  (98,0,198), 49,111,21),
("kutu164",  (147,0,198), 49,111,21),
("kutu164",  (196,0,198), 49,111,21),
("kutu164",  (245,0,198), 49,111,21),
("kutu164",  (294,0,198), 49,111,21),
("kutu164",  (343,0,198), 49,111,21),
("kutu164",  (392,0,198), 49,111,21),
("kutu164",  (441,0,198), 49,111,21),
("kutu163",  (0,0,0), 78,81,66),
("kutu163",  (0,0,66), 78,81,66),
("kutu163",  (0,0,132), 78,81,66),
("kutu163",  (0,81,0), 78,81,66),
("kutu163",  (0,81,66), 78,81,66),
("kutu163",  (0,81,132), 78,81,66),
("kutu163",  (78,0,0), 78,81,66),
("kutu163",  (78,0,66), 78,81,66),
("kutu163",  (78,0,132), 78,81,66),
("kutu163",  (78,81,0), 78,81,66),
("kutu163",  (78,81,66), 78,81,66),
("kutu163",  (78,81,132), 78,81,66),
("kutu163",  (156,0,0), 78,81,66),
("kutu163",  (156,0,66), 78,81,66),
("kutu163",  (156,0,132), 78,81,66),
("kutu163",  (156,81,0), 78,81,66),
("kutu163",  (156,81,66), 78,81,66),
("kutu163",  (156,81,132), 78,81,66),
("kutu163",  (234,0,0), 78,81,66),
("kutu163",  (234,0,66), 78,81,66),
("kutu163",  (234,0,132), 78,81,66),
("kutu163",  (234,81,0), 78,81,66),
("kutu163",  (234,81,66), 78,81,66),
("kutu163",  (234,81,132), 78,81,66),
("kutu163",  (312,0,0), 78,81,66),
("kutu163",  (312,0,66), 78,81,66),
("kutu163",  (312,0,132), 78,81,66),
("kutu163",  (312,81,0), 78,81,66),
("kutu163",  (312,81,66), 78,81,66),
("kutu163",  (312,81,132), 78,81,66),
("kutu163",  (390,0,0), 78,81,66),
("kutu163",  (390,0,66), 78,81,66),
("kutu163",  (390,0,132), 78,81,66),
("kutu163",  (390,81,0), 78,81,66),
("kutu163",  (390,81,66), 78,81,66),
("kutu163",  (390,81,132), 78,81,66),
("kutu162",  (468,0,0), 94,100,28),
("kutu162",  (468,0,28), 94,100,28),
("kutu162",  (468,0,56), 94,100,28),
("kutu162",  (468,0,84), 94,100,28),
("kutu162",  (468,0,112), 94,100,28),
("kutu162",  (468,0,140), 94,100,28),
("kutu162",  (468,0,168), 94,100,28),
("kutu162",  (468,100,0), 94,100,28),
("kutu162",  (468,100,28), 94,100,28),
("kutu162",  (468,100,56), 94,100,28),
("kutu162",  (468,100,84), 94,100,28),
("kutu162",  (468,100,112), 94,100,28),
("kutu162",  (468,100,140), 94,100,28),
("kutu162",  (468,100,168), 94,100,28),
("kutu164",  (0,0,198), 49,111,21),
("kutu164",  (49,0,198), 49,111,21),
("kutu164",  (98,0,198), 49,111,21),
("kutu164",  (147,0,198), 49,111,21),
("kutu164",  (196,0,198), 49,111,21),
("kutu164",  (245,0,198), 49,111,21),
("kutu164",  (294,0,198), 49,111,21),
("kutu164",  (343,0,198), 49,111,21),
("kutu164",  (392,0,198), 49,111,21),
("kutu164",  (441,0,198), 49,111,21),
