("kutu1894",  (0,0,0), 90,101,50),
("kutu1894",  (0,0,50), 90,101,50),
("kutu1894",  (0,0,100), 90,101,50),
("kutu1894",  (0,0,150), 90,101,50),
("kutu1894",  (0,101,0), 90,101,50),
("kutu1894",  (0,101,50), 90,101,50),
("kutu1881",  (0,101,100), 66,108,54),
("kutu1881",  (0,101,154), 66,108,54),
("kutu1881",  (90,0,0), 66,108,54),
("kutu1881",  (90,0,54), 66,108,54),
("kutu1881",  (90,0,108), 66,108,54),
("kutu1881",  (90,0,162), 66,108,54),
("kutu1881",  (90,108,0), 66,108,54),
("kutu1881",  (90,108,54), 66,108,54),
("kutu1899",  (90,108,108), 67,82,60),
("kutu1899",  (156,0,0), 67,82,60),
("kutu1899",  (156,0,60), 67,82,60),
("kutu1899",  (156,0,120), 67,82,60),
("kutu1899",  (156,82,0), 67,82,60),
("kutu1899",  (223,0,0), 67,82,60),
("kutu1899",  (223,0,60), 67,82,60),
("kutu1899",  (223,0,120), 67,82,60),
("kutu1899",  (223,82,0), 67,82,60),
("kutu1899",  (223,82,60), 67,82,60),
("kutu1899",  (223,82,120), 67,82,60),
("kutu1899",  (290,0,0), 67,82,60),
("kutu1899",  (290,0,60), 67,82,60),
("kutu1896",  (290,0,120), 64,88,58),
("kutu1896",  (290,82,0), 64,88,58),
("kutu1896",  (290,82,58), 64,88,58),
("kutu1896",  (354,82,0), 64,88,58),
("kutu1888",  (90,108,168), 79,99,39),
("kutu1888",  (156,0,180), 79,99,39),
("kutu1888",  (235,0,180), 79,99,39),
("kutu1888",  (354,82,58), 79,99,39),
("kutu1888",  (354,82,97), 79,99,39),
("kutu1888",  (354,82,136), 79,99,39),
("kutu1888",  (354,82,175), 79,99,39),
("kutu1888",  (418,82,0), 79,99,39),
("kutu1893",  (497,82,0), 69,120,29),
("kutu1893",  (497,82,29), 69,120,29),
("kutu1893",  (497,82,58), 69,120,29),
("kutu1893",  (497,82,87), 69,120,29),
("kutu1893",  (497,82,116), 69,120,29),
("kutu1898",  (156,164,0), 63,63,53),
("kutu1898",  (156,164,53), 63,63,53),
("kutu1898",  (219,164,0), 63,63,53),
("kutu1898",  (219,164,53), 63,63,53),
("kutu1898",  (219,164,106), 63,63,53),
("kutu1898",  (219,164,159), 63,63,53),
("kutu1898",  (290,170,0), 63,63,53),
("kutu1898",  (290,170,53), 63,63,53),
("kutu1897",  (156,82,60), 52,82,46),
("kutu1897",  (357,0,0), 52,82,46),
("kutu1897",  (357,0,46), 52,82,46),
("kutu1897",  (357,0,92), 52,82,46),
("kutu1897",  (357,0,138), 52,82,46),
("kutu1897",  (409,0,0), 52,82,46),
("kutu1897",  (409,0,46), 52,82,46),
("kutu1886",  (497,82,145), 47,108,37),
("kutu1886",  (497,82,182), 47,108,37),
("kutu1882",  (357,0,184), 62,74,33),
("kutu1882",  (409,0,92), 62,74,33),
("kutu1882",  (409,0,125), 62,74,33),
("kutu1882",  (461,0,0), 62,74,33),
("kutu1882",  (461,0,33), 62,74,33),
("kutu1882",  (523,0,0), 62,74,33),
("kutu1882",  (523,0,33), 62,74,33),
("kutu1882",  (523,0,66), 62,74,33),
("kutu1882",  (523,0,99), 62,74,33),
("kutu1892",  (523,0,132), 52,66,44),
("kutu1892",  (523,0,176), 52,66,44),
("kutu1887",  (544,82,145), 41,100,36),
("kutu1887",  (544,82,181), 41,100,36),
("kutu1880",  (0,0,200), 69,101,20),
("kutu1895",  (235,99,180), 54,58,39),
("kutu1895",  (290,170,106), 54,58,39),
("kutu1895",  (290,170,145), 54,58,39),
("kutu1895",  (353,170,0), 54,58,39),
("kutu1885",  (90,190,108), 32,38,30),
("kutu1885",  (90,190,138), 32,38,30),
("kutu1885",  (122,190,108), 32,38,30),
("kutu1885",  (122,190,138), 32,38,30),
("kutu1885",  (290,170,184), 32,38,30),
("kutu1885",  (322,170,184), 32,38,30),
("kutu283",  (0,0,0), 66,108,54),
("kutu283",  (0,0,54), 66,108,54),
("kutu283",  (0,0,108), 66,108,54),
("kutu283",  (0,0,162), 66,108,54),
("kutu283",  (0,108,0), 66,108,54),
("kutu283",  (0,108,54), 66,108,54),
("kutu283",  (0,108,108), 66,108,54),
("kutu283",  (0,108,162), 66,108,54),
("kutu283",  (66,0,0), 66,108,54),
("kutu283",  (66,0,54), 66,108,54),
("kutu283",  (66,0,108), 66,108,54),
("kutu283",  (66,0,162), 66,108,54),
("kutu283",  (66,108,0), 66,108,54),
("kutu283",  (66,108,54), 66,108,54),
("kutu283",  (66,108,108), 66,108,54),
("kutu283",  (66,108,162), 66,108,54),
("kutu283",  (132,0,0), 66,108,54),
("kutu283",  (132,0,54), 66,108,54),
("kutu283",  (132,0,108), 66,108,54),
("kutu283",  (132,0,162), 66,108,54),
("kutu283",  (132,108,0), 66,108,54),
("kutu283",  (132,108,54), 66,108,54),
("kutu283",  (132,108,108), 66,108,54),
("kutu283",  (132,108,162), 66,108,54),
("kutu283",  (198,0,0), 66,108,54),
("kutu283",  (198,0,54), 66,108,54),
("kutu283",  (198,0,108), 66,108,54),
("kutu283",  (198,0,162), 66,108,54),
("kutu283",  (198,108,0), 66,108,54),
("kutu283",  (198,108,54), 66,108,54),
("kutu283",  (198,108,108), 66,108,54),
("kutu283",  (198,108,162), 66,108,54),
("kutu283",  (264,0,0), 66,108,54),
("kutu283",  (264,0,54), 66,108,54),
("kutu283",  (264,0,108), 66,108,54),
("kutu283",  (264,0,162), 66,108,54),
("kutu283",  (264,108,0), 66,108,54),
("kutu283",  (264,108,54), 66,108,54),
("kutu283",  (264,108,108), 66,108,54),
("kutu283",  (264,108,162), 66,108,54),
("kutu284",  (330,0,0), 62,74,33),
("kutu284",  (330,0,33), 62,74,33),
("kutu284",  (330,0,66), 62,74,33),
("kutu284",  (330,0,99), 62,74,33),
("kutu284",  (330,0,132), 62,74,33),
("kutu284",  (330,0,165), 62,74,33),
("kutu284",  (330,74,0), 62,74,33),
("kutu284",  (330,74,33), 62,74,33),
("kutu284",  (330,74,66), 62,74,33),
("kutu284",  (330,74,99), 62,74,33),
("kutu284",  (330,74,132), 62,74,33),
("kutu284",  (330,74,165), 62,74,33),
("kutu284",  (330,148,0), 62,74,33),
("kutu284",  (330,148,33), 62,74,33),
("kutu284",  (330,148,66), 62,74,33),
("kutu284",  (330,148,99), 62,74,33),
("kutu284",  (330,148,132), 62,74,33),
("kutu284",  (330,148,165), 62,74,33),
("kutu284",  (392,0,0), 62,74,33),
("kutu284",  (392,0,33), 62,74,33),
("kutu284",  (392,0,66), 62,74,33),
("kutu284",  (392,0,99), 62,74,33),
("kutu284",  (392,0,132), 62,74,33),
("kutu284",  (392,0,165), 62,74,33),
("kutu284",  (392,74,0), 62,74,33),
("kutu284",  (392,74,33), 62,74,33),
("kutu284",  (392,74,66), 62,74,33),
("kutu284",  (392,74,99), 62,74,33),
("kutu284",  (392,74,132), 62,74,33),
("kutu284",  (392,74,165), 62,74,33),
("kutu284",  (392,148,0), 62,74,33),
("kutu284",  (392,148,33), 62,74,33),
("kutu284",  (392,148,66), 62,74,33),
("kutu284",  (392,148,99), 62,74,33),
("kutu284",  (392,148,132), 62,74,33),
("kutu284",  (392,148,165), 62,74,33),
("kutu284",  (454,0,0), 62,74,33),
("kutu284",  (454,0,33), 62,74,33),
("kutu284",  (454,0,66), 62,74,33),
("kutu284",  (454,0,99), 62,74,33),
("kutu284",  (454,0,132), 62,74,33),
("kutu284",  (454,0,165), 62,74,33),
("kutu284",  (454,74,0), 62,74,33),
("kutu284",  (454,74,33), 62,74,33),
("kutu284",  (454,74,66), 62,74,33),
("kutu284",  (454,74,99), 62,74,33),
("kutu284",  (454,74,132), 62,74,33),
("kutu284",  (454,74,165), 62,74,33),
("kutu284",  (454,148,0), 62,74,33),
("kutu282",  (330,0,198), 69,101,20),
("kutu282",  (330,101,198), 69,101,20),
("kutu282",  (399,0,198), 69,101,20),
("kutu282",  (399,101,198), 69,101,20),
("kutu282",  (468,0,198), 69,101,20),
("kutu282",  (516,0,0), 69,101,20),
("kutu282",  (516,0,20), 69,101,20),
("kutu282",  (516,0,40), 69,101,20),
("kutu282",  (516,0,60), 69,101,20),
("kutu282",  (516,0,80), 69,101,20),
("kutu282",  (516,0,100), 69,101,20),
("kutu282",  (516,0,120), 69,101,20),
("kutu282",  (516,0,140), 69,101,20),
("kutu282",  (516,0,160), 69,101,20),
("kutu282",  (516,101,0), 69,101,20),
("kutu282",  (516,101,20), 69,101,20),
("kutu282",  (516,101,40), 69,101,20),
("kutu282",  (516,101,60), 69,101,20),
("kutu282",  (516,101,80), 69,101,20),
("kutu282",  (516,101,100), 69,101,20),
("kutu282",  (516,101,120), 69,101,20),
("kutu282",  (516,101,140), 69,101,20),
("kutu282",  (516,101,160), 69,101,20),
("kutu282",  (516,101,180), 69,101,20),
("kutu282",  (516,101,200), 69,101,20),
("kutu283",  (0,0,0), 66,108,54),
("kutu283",  (0,0,54), 66,108,54),
("kutu283",  (0,0,108), 66,108,54),
("kutu283",  (0,0,162), 66,108,54),
("kutu283",  (0,108,0), 66,108,54),
("kutu283",  (0,108,54), 66,108,54),
("kutu283",  (0,108,108), 66,108,54),
("kutu283",  (0,108,162), 66,108,54),
("kutu283",  (66,0,0), 66,108,54),
("kutu283",  (66,0,54), 66,108,54),
("kutu283",  (66,0,108), 66,108,54),
("kutu283",  (66,0,162), 66,108,54),
("kutu283",  (66,108,0), 66,108,54),
("kutu283",  (66,108,54), 66,108,54),
("kutu283",  (66,108,108), 66,108,54),
("kutu283",  (66,108,162), 66,108,54),
("kutu283",  (132,0,0), 66,108,54),
("kutu283",  (132,0,54), 66,108,54),
("kutu283",  (132,0,108), 66,108,54),
("kutu283",  (132,0,162), 66,108,54),
("kutu283",  (132,108,0), 66,108,54),
("kutu283",  (132,108,54), 66,108,54),
("kutu283",  (132,108,108), 66,108,54),
("kutu283",  (132,108,162), 66,108,54),
("kutu283",  (198,0,0), 66,108,54),
("kutu283",  (198,0,54), 66,108,54),
("kutu283",  (198,0,108), 66,108,54),
("kutu283",  (198,0,162), 66,108,54),
("kutu283",  (198,108,0), 66,108,54),
("kutu283",  (198,108,54), 66,108,54),
("kutu283",  (198,108,108), 66,108,54),
("kutu283",  (198,108,162), 66,108,54),
("kutu283",  (264,0,0), 66,108,54),
("kutu283",  (264,0,54), 66,108,54),
("kutu283",  (264,0,108), 66,108,54),
("kutu283",  (264,0,162), 66,108,54),
("kutu283",  (264,108,0), 66,108,54),
("kutu283",  (264,108,54), 66,108,54),
("kutu283",  (264,108,108), 66,108,54),
("kutu283",  (264,108,162), 66,108,54),
("kutu284",  (330,0,0), 62,74,33),
("kutu284",  (330,0,33), 62,74,33),
("kutu284",  (330,0,66), 62,74,33),
("kutu284",  (330,0,99), 62,74,33),
("kutu284",  (330,0,132), 62,74,33),
("kutu284",  (330,0,165), 62,74,33),
("kutu284",  (330,74,0), 62,74,33),
("kutu284",  (330,74,33), 62,74,33),
("kutu284",  (330,74,66), 62,74,33),
("kutu284",  (330,74,99), 62,74,33),
("kutu284",  (330,74,132), 62,74,33),
("kutu284",  (330,74,165), 62,74,33),
("kutu284",  (330,148,0), 62,74,33),
("kutu284",  (330,148,33), 62,74,33),
("kutu284",  (330,148,66), 62,74,33),
("kutu284",  (330,148,99), 62,74,33),
("kutu284",  (330,148,132), 62,74,33),
("kutu284",  (330,148,165), 62,74,33),
("kutu284",  (392,0,0), 62,74,33),
("kutu284",  (392,0,33), 62,74,33),
("kutu284",  (392,0,66), 62,74,33),
("kutu284",  (392,0,99), 62,74,33),
("kutu284",  (392,0,132), 62,74,33),
("kutu284",  (392,0,165), 62,74,33),
("kutu284",  (392,74,0), 62,74,33),
("kutu284",  (392,74,33), 62,74,33),
("kutu284",  (392,74,66), 62,74,33),
("kutu284",  (392,74,99), 62,74,33),
("kutu284",  (392,74,132), 62,74,33),
("kutu284",  (392,74,165), 62,74,33),
("kutu284",  (392,148,0), 62,74,33),
("kutu284",  (392,148,33), 62,74,33),
("kutu284",  (392,148,66), 62,74,33),
("kutu284",  (392,148,99), 62,74,33),
("kutu284",  (392,148,132), 62,74,33),
("kutu284",  (392,148,165), 62,74,33),
("kutu284",  (454,0,0), 62,74,33),
("kutu284",  (454,0,33), 62,74,33),
("kutu284",  (454,0,66), 62,74,33),
("kutu284",  (454,0,99), 62,74,33),
("kutu284",  (454,0,132), 62,74,33),
("kutu284",  (454,0,165), 62,74,33),
("kutu284",  (454,74,0), 62,74,33),
("kutu284",  (454,74,33), 62,74,33),
("kutu284",  (454,74,66), 62,74,33),
("kutu284",  (454,74,99), 62,74,33),
("kutu284",  (454,74,132), 62,74,33),
("kutu284",  (454,74,165), 62,74,33),
("kutu284",  (454,148,0), 62,74,33),
("kutu282",  (330,0,198), 69,101,20),
("kutu282",  (330,101,198), 69,101,20),
("kutu282",  (399,0,198), 69,101,20),
("kutu282",  (399,101,198), 69,101,20),
("kutu282",  (468,0,198), 69,101,20),
("kutu282",  (516,0,0), 69,101,20),
("kutu282",  (516,0,20), 69,101,20),
("kutu282",  (516,0,40), 69,101,20),
("kutu282",  (516,0,60), 69,101,20),
("kutu282",  (516,0,80), 69,101,20),
("kutu282",  (516,0,100), 69,101,20),
("kutu282",  (516,0,120), 69,101,20),
("kutu282",  (516,0,140), 69,101,20),
("kutu282",  (516,0,160), 69,101,20),
("kutu282",  (516,101,0), 69,101,20),
("kutu282",  (516,101,20), 69,101,20),
("kutu282",  (516,101,40), 69,101,20),
("kutu282",  (516,101,60), 69,101,20),
("kutu282",  (516,101,80), 69,101,20),
("kutu282",  (516,101,100), 69,101,20),
("kutu282",  (516,101,120), 69,101,20),
("kutu282",  (516,101,140), 69,101,20),
("kutu282",  (516,101,160), 69,101,20),
("kutu282",  (516,101,180), 69,101,20),
("kutu282",  (516,101,200), 69,101,20),
("kutu283",  (0,0,0), 66,108,54),
("kutu283",  (0,0,54), 66,108,54),
("kutu283",  (0,0,108), 66,108,54),
("kutu283",  (0,0,162), 66,108,54),
("kutu283",  (0,108,0), 66,108,54),
("kutu283",  (0,108,54), 66,108,54),
("kutu283",  (0,108,108), 66,108,54),
("kutu283",  (0,108,162), 66,108,54),
("kutu283",  (66,0,0), 66,108,54),
("kutu283",  (66,0,54), 66,108,54),
("kutu283",  (66,0,108), 66,108,54),
("kutu283",  (66,0,162), 66,108,54),
("kutu283",  (66,108,0), 66,108,54),
("kutu283",  (66,108,54), 66,108,54),
("kutu283",  (66,108,108), 66,108,54),
("kutu283",  (66,108,162), 66,108,54),
("kutu283",  (132,0,0), 66,108,54),
("kutu283",  (132,0,54), 66,108,54),
("kutu283",  (132,0,108), 66,108,54),
("kutu283",  (132,0,162), 66,108,54),
("kutu283",  (132,108,0), 66,108,54),
("kutu283",  (132,108,54), 66,108,54),
("kutu283",  (132,108,108), 66,108,54),
("kutu283",  (132,108,162), 66,108,54),
("kutu283",  (198,0,0), 66,108,54),
("kutu283",  (198,0,54), 66,108,54),
("kutu283",  (198,0,108), 66,108,54),
("kutu283",  (198,0,162), 66,108,54),
("kutu283",  (198,108,0), 66,108,54),
("kutu283",  (198,108,54), 66,108,54),
("kutu283",  (198,108,108), 66,108,54),
("kutu283",  (198,108,162), 66,108,54),
("kutu283",  (264,0,0), 66,108,54),
("kutu283",  (264,0,54), 66,108,54),
("kutu283",  (264,0,108), 66,108,54),
("kutu283",  (264,0,162), 66,108,54),
("kutu283",  (264,108,0), 66,108,54),
("kutu283",  (264,108,54), 66,108,54),
("kutu283",  (264,108,108), 66,108,54),
("kutu283",  (264,108,162), 66,108,54),
("kutu284",  (330,0,0), 62,74,33),
("kutu284",  (330,0,33), 62,74,33),
("kutu284",  (330,0,66), 62,74,33),
("kutu284",  (330,0,99), 62,74,33),
("kutu284",  (330,0,132), 62,74,33),
("kutu284",  (330,0,165), 62,74,33),
("kutu284",  (330,74,0), 62,74,33),
("kutu284",  (330,74,33), 62,74,33),
("kutu284",  (330,74,66), 62,74,33),
("kutu284",  (330,74,99), 62,74,33),
("kutu284",  (330,74,132), 62,74,33),
("kutu284",  (330,74,165), 62,74,33),
("kutu284",  (330,148,0), 62,74,33),
("kutu284",  (330,148,33), 62,74,33),
("kutu284",  (330,148,66), 62,74,33),
("kutu284",  (330,148,99), 62,74,33),
("kutu284",  (330,148,132), 62,74,33),
("kutu284",  (330,148,165), 62,74,33),
("kutu284",  (392,0,0), 62,74,33),
("kutu284",  (392,0,33), 62,74,33),
("kutu284",  (392,0,66), 62,74,33),
("kutu284",  (392,0,99), 62,74,33),
("kutu284",  (392,0,132), 62,74,33),
("kutu284",  (392,0,165), 62,74,33),
("kutu284",  (392,74,0), 62,74,33),
("kutu284",  (392,74,33), 62,74,33),
("kutu284",  (392,74,66), 62,74,33),
("kutu284",  (392,74,99), 62,74,33),
("kutu284",  (392,74,132), 62,74,33),
("kutu284",  (392,74,165), 62,74,33),
("kutu284",  (392,148,0), 62,74,33),
("kutu284",  (392,148,33), 62,74,33),
("kutu284",  (392,148,66), 62,74,33),
("kutu284",  (392,148,99), 62,74,33),
("kutu284",  (392,148,132), 62,74,33),
("kutu284",  (392,148,165), 62,74,33),
("kutu284",  (454,0,0), 62,74,33),
("kutu284",  (454,0,33), 62,74,33),
("kutu284",  (454,0,66), 62,74,33),
("kutu284",  (454,0,99), 62,74,33),
("kutu284",  (454,0,132), 62,74,33),
("kutu284",  (454,0,165), 62,74,33),
("kutu284",  (454,74,0), 62,74,33),
("kutu284",  (454,74,33), 62,74,33),
("kutu284",  (454,74,66), 62,74,33),
("kutu284",  (454,74,99), 62,74,33),
("kutu284",  (454,74,132), 62,74,33),
("kutu284",  (454,74,165), 62,74,33),
("kutu284",  (454,148,0), 62,74,33),
("kutu282",  (330,0,198), 69,101,20),
("kutu282",  (330,101,198), 69,101,20),
("kutu282",  (399,0,198), 69,101,20),
("kutu282",  (399,101,198), 69,101,20),
("kutu282",  (468,0,198), 69,101,20),
("kutu282",  (516,0,0), 69,101,20),
("kutu282",  (516,0,20), 69,101,20),
("kutu282",  (516,0,40), 69,101,20),
("kutu282",  (516,0,60), 69,101,20),
("kutu282",  (516,0,80), 69,101,20),
("kutu282",  (516,0,100), 69,101,20),
("kutu282",  (516,0,120), 69,101,20),
("kutu282",  (516,0,140), 69,101,20),
("kutu282",  (516,0,160), 69,101,20),
("kutu282",  (516,101,0), 69,101,20),
("kutu282",  (516,101,20), 69,101,20),
("kutu282",  (516,101,40), 69,101,20),
("kutu282",  (516,101,60), 69,101,20),
("kutu282",  (516,101,80), 69,101,20),
("kutu282",  (516,101,100), 69,101,20),
("kutu282",  (516,101,120), 69,101,20),
("kutu282",  (516,101,140), 69,101,20),
("kutu282",  (516,101,160), 69,101,20),
("kutu282",  (516,101,180), 69,101,20),
("kutu282",  (516,101,200), 69,101,20),
("kutu283",  (0,0,0), 66,108,54),
("kutu283",  (0,0,54), 66,108,54),
("kutu283",  (0,0,108), 66,108,54),
("kutu283",  (0,0,162), 66,108,54),
("kutu283",  (0,108,0), 66,108,54),
("kutu283",  (0,108,54), 66,108,54),
("kutu283",  (0,108,108), 66,108,54),
("kutu283",  (0,108,162), 66,108,54),
("kutu283",  (66,0,0), 66,108,54),
("kutu283",  (66,0,54), 66,108,54),
("kutu283",  (66,0,108), 66,108,54),
("kutu283",  (66,0,162), 66,108,54),
("kutu283",  (66,108,0), 66,108,54),
("kutu283",  (66,108,54), 66,108,54),
("kutu283",  (66,108,108), 66,108,54),
("kutu283",  (66,108,162), 66,108,54),
("kutu283",  (132,0,0), 66,108,54),
("kutu283",  (132,0,54), 66,108,54),
("kutu283",  (132,0,108), 66,108,54),
("kutu283",  (132,0,162), 66,108,54),
("kutu283",  (132,108,0), 66,108,54),
("kutu283",  (132,108,54), 66,108,54),
("kutu283",  (132,108,108), 66,108,54),
("kutu283",  (132,108,162), 66,108,54),
("kutu283",  (198,0,0), 66,108,54),
("kutu283",  (198,0,54), 66,108,54),
("kutu283",  (198,0,108), 66,108,54),
("kutu283",  (198,0,162), 66,108,54),
("kutu283",  (198,108,0), 66,108,54),
("kutu283",  (198,108,54), 66,108,54),
("kutu283",  (198,108,108), 66,108,54),
("kutu283",  (198,108,162), 66,108,54),
("kutu283",  (264,0,0), 66,108,54),
("kutu283",  (264,0,54), 66,108,54),
("kutu283",  (264,0,108), 66,108,54),
("kutu283",  (264,0,162), 66,108,54),
("kutu283",  (264,108,0), 66,108,54),
("kutu283",  (264,108,54), 66,108,54),
("kutu283",  (264,108,108), 66,108,54),
("kutu283",  (264,108,162), 66,108,54),
("kutu284",  (330,0,0), 62,74,33),
("kutu284",  (330,0,33), 62,74,33),
("kutu284",  (330,0,66), 62,74,33),
("kutu284",  (330,0,99), 62,74,33),
("kutu284",  (330,0,132), 62,74,33),
("kutu284",  (330,0,165), 62,74,33),
("kutu284",  (330,74,0), 62,74,33),
("kutu284",  (330,74,33), 62,74,33),
("kutu284",  (330,74,66), 62,74,33),
("kutu284",  (330,74,99), 62,74,33),
("kutu284",  (330,74,132), 62,74,33),
("kutu284",  (330,74,165), 62,74,33),
("kutu284",  (330,148,0), 62,74,33),
("kutu284",  (330,148,33), 62,74,33),
("kutu284",  (330,148,66), 62,74,33),
("kutu284",  (330,148,99), 62,74,33),
("kutu284",  (330,148,132), 62,74,33),
("kutu284",  (330,148,165), 62,74,33),
("kutu284",  (392,0,0), 62,74,33),
("kutu284",  (392,0,33), 62,74,33),
("kutu284",  (392,0,66), 62,74,33),
("kutu284",  (392,0,99), 62,74,33),
("kutu284",  (392,0,132), 62,74,33),
("kutu284",  (392,0,165), 62,74,33),
("kutu284",  (392,74,0), 62,74,33),
("kutu284",  (392,74,33), 62,74,33),
("kutu284",  (392,74,66), 62,74,33),
("kutu284",  (392,74,99), 62,74,33),
("kutu284",  (392,74,132), 62,74,33),
("kutu284",  (392,74,165), 62,74,33),
("kutu284",  (392,148,0), 62,74,33),
("kutu284",  (392,148,33), 62,74,33),
("kutu284",  (392,148,66), 62,74,33),
("kutu284",  (392,148,99), 62,74,33),
("kutu284",  (392,148,132), 62,74,33),
("kutu284",  (392,148,165), 62,74,33),
("kutu284",  (454,0,0), 62,74,33),
("kutu284",  (454,0,33), 62,74,33),
("kutu284",  (454,0,66), 62,74,33),
("kutu284",  (454,0,99), 62,74,33),
("kutu284",  (454,0,132), 62,74,33),
("kutu284",  (454,0,165), 62,74,33),
("kutu284",  (454,74,0), 62,74,33),
("kutu284",  (454,74,33), 62,74,33),
("kutu284",  (454,74,66), 62,74,33),
("kutu284",  (454,74,99), 62,74,33),
("kutu284",  (454,74,132), 62,74,33),
("kutu284",  (454,74,165), 62,74,33),
("kutu284",  (454,148,0), 62,74,33),
("kutu282",  (330,0,198), 69,101,20),
("kutu282",  (330,101,198), 69,101,20),
("kutu282",  (399,0,198), 69,101,20),
("kutu282",  (399,101,198), 69,101,20),
("kutu282",  (468,0,198), 69,101,20),
("kutu282",  (516,0,0), 69,101,20),
("kutu282",  (516,0,20), 69,101,20),
("kutu282",  (516,0,40), 69,101,20),
("kutu282",  (516,0,60), 69,101,20),
("kutu282",  (516,0,80), 69,101,20),
("kutu282",  (516,0,100), 69,101,20),
("kutu282",  (516,0,120), 69,101,20),
("kutu282",  (516,0,140), 69,101,20),
("kutu282",  (516,0,160), 69,101,20),
("kutu282",  (516,101,0), 69,101,20),
("kutu282",  (516,101,20), 69,101,20),
("kutu282",  (516,101,40), 69,101,20),
("kutu282",  (516,101,60), 69,101,20),
("kutu282",  (516,101,80), 69,101,20),
("kutu282",  (516,101,100), 69,101,20),
("kutu282",  (516,101,120), 69,101,20),
("kutu282",  (516,101,140), 69,101,20),
("kutu282",  (516,101,160), 69,101,20),
("kutu282",  (516,101,180), 69,101,20),
("kutu282",  (516,101,200), 69,101,20),
