("kutu1529",  (0,0,0), 93,97,45),
("kutu1529",  (0,0,45), 93,97,45),
("kutu1529",  (0,0,90), 93,97,45),
("kutu1529",  (0,0,135), 93,97,45),
("kutu1529",  (0,97,0), 93,97,45),
("kutu1529",  (0,97,45), 93,97,45),
("kutu1532",  (0,97,90), 72,84,59),
("kutu1532",  (0,97,149), 72,84,59),
("kutu1532",  (93,0,0), 72,84,59),
("kutu1532",  (93,0,59), 72,84,59),
("kutu1532",  (93,0,118), 72,84,59),
("kutu1532",  (93,84,0), 72,84,59),
("kutu1532",  (93,84,59), 72,84,59),
("kutu1532",  (93,84,118), 72,84,59),
("kutu1535",  (165,0,0), 79,80,52),
("kutu1535",  (165,0,52), 79,80,52),
("kutu1535",  (165,0,104), 79,80,52),
("kutu1535",  (165,0,156), 79,80,52),
("kutu1535",  (165,80,0), 79,80,52),
("kutu1535",  (165,80,52), 79,80,52),
("kutu1536",  (93,84,177), 87,102,35),
("kutu1536",  (165,80,104), 87,102,35),
("kutu1536",  (165,80,139), 87,102,35),
("kutu1536",  (244,0,0), 87,102,35),
("kutu1536",  (244,0,35), 87,102,35),
("kutu1536",  (244,102,0), 87,102,35),
("kutu1536",  (244,102,35), 87,102,35),
("kutu1536",  (331,0,0), 87,102,35),
("kutu1533",  (244,0,70), 71,74,53),
("kutu1533",  (244,0,123), 71,74,53),
("kutu1533",  (331,0,35), 71,74,53),
("kutu1533",  (331,0,88), 71,74,53),
("kutu1533",  (331,0,141), 71,74,53),
("kutu1533",  (331,102,0), 71,74,53),
("kutu1533",  (331,102,53), 71,74,53),
("kutu1533",  (331,102,106), 71,74,53),
("kutu1533",  (331,102,159), 71,74,53),
("kutu1539",  (0,0,180), 76,84,38),
("kutu1539",  (244,0,176), 76,84,38),
("kutu1539",  (402,102,0), 76,84,38),
("kutu1539",  (402,102,38), 76,84,38),
("kutu1530",  (402,102,76), 54,79,49),
("kutu1530",  (402,102,125), 54,79,49),
("kutu1530",  (418,0,0), 54,79,49),
("kutu1530",  (418,0,49), 54,79,49),
("kutu1530",  (418,0,98), 54,79,49),
("kutu1530",  (418,0,147), 54,79,49),
("kutu1530",  (472,0,0), 54,79,49),
("kutu1527",  (93,0,177), 68,75,40),
("kutu1527",  (402,102,174), 68,75,40),
("kutu1527",  (472,0,49), 68,75,40),
("kutu1527",  (472,0,89), 68,75,40),
("kutu1527",  (472,0,129), 68,75,40),
("kutu1527",  (472,0,169), 68,75,40),
("kutu1527",  (478,102,0), 68,75,40),
("kutu1527",  (478,102,40), 68,75,40),
("kutu1534",  (244,74,70), 70,102,27),
("kutu1534",  (478,102,80), 70,102,27),
("kutu1534",  (478,102,107), 70,102,27),
("kutu1534",  (478,102,134), 70,102,27),
("kutu1534",  (478,102,161), 70,102,27),
("kutu1534",  (478,102,188), 70,102,27),
("kutu1520",  (165,160,0), 73,73,36),
("kutu1520",  (165,160,36), 73,73,36),
("kutu1538",  (93,168,0), 57,60,51),
("kutu1538",  (93,168,51), 57,60,51),
("kutu1538",  (93,168,102), 57,60,51),
("kutu1522",  (526,0,0), 53,68,44),
("kutu1521",  (331,0,194), 49,87,26),
("kutu1526",  (165,160,72), 35,72,26),
("kutu1526",  (200,160,72), 35,72,26),
("kutu1526",  (380,0,194), 35,72,26),
("kutu1526",  (546,102,0), 35,72,26),
("kutu1526",  (546,102,26), 35,72,26),
("kutu1526",  (546,102,52), 35,72,26),
("kutu1531",  (244,176,70), 32,52,27),
("kutu1531",  (276,176,70), 32,52,27),
("kutu1531",  (276,176,97), 32,52,27),
("kutu1531",  (276,176,124), 32,52,27),
("kutu1531",  (276,176,151), 32,52,27),
("kutu1531",  (276,176,178), 32,52,27),
("kutu1531",  (331,176,0), 32,52,27),
("kutu1531",  (331,176,27), 32,52,27),
("kutu1531",  (331,176,54), 32,52,27),
("kutu1531",  (331,176,81), 32,52,27),
("kutu1531",  (331,176,108), 32,52,27),
("kutu1531",  (331,176,135), 32,52,27),
("kutu1531",  (331,176,162), 32,52,27),
("kutu228",  (0,0,0), 73,73,36),
("kutu228",  (0,0,36), 73,73,36),
("kutu228",  (0,0,108), 73,73,36),
("kutu228",  (0,0,144), 73,73,36),
("kutu228",  (0,0,180), 73,73,36),
("kutu228",  (0,73,0), 73,73,36),
("kutu228",  (0,73,36), 73,73,36),
("kutu228",  (0,73,72), 73,73,36),
("kutu228",  (0,73,108), 73,73,36),
("kutu228",  (0,146,0), 73,73,36),
("kutu228",  (0,146,36), 73,73,36),
("kutu228",  (0,146,144), 73,73,36),
("kutu228",  (0,146,180), 73,73,36),
("kutu228",  (73,0,0), 73,73,36),
("kutu228",  (73,0,36), 73,73,36),
("kutu228",  (73,0,72), 73,73,36),
("kutu228",  (73,0,108), 73,73,36),
("kutu228",  (73,0,144), 73,73,36),
("kutu228",  (73,0,180), 73,73,36),
("kutu228",  (73,73,36), 73,73,36),
("kutu228",  (73,73,72), 73,73,36),
("kutu228",  (73,73,108), 73,73,36),
("kutu228",  (73,73,144), 73,73,36),
("kutu228",  (73,73,180), 73,73,36),
("kutu228",  (73,146,0), 73,73,36),
("kutu228",  (73,146,36), 73,73,36),
("kutu228",  (73,146,72), 73,73,36),
("kutu228",  (73,146,144), 73,73,36),
("kutu228",  (73,146,180), 73,73,36),
("kutu228",  (146,0,0), 73,73,36),
("kutu228",  (146,0,36), 73,73,36),
("kutu228",  (146,0,72), 73,73,36),
("kutu228",  (146,0,108), 73,73,36),
("kutu228",  (146,73,0), 73,73,36),
("kutu228",  (146,73,72), 73,73,36),
("kutu228",  (146,73,108), 73,73,36),
("kutu228",  (146,73,144), 73,73,36),
("kutu228",  (146,73,180), 73,73,36),
("kutu228",  (146,146,0), 73,73,36),
("kutu228",  (146,146,36), 73,73,36),
("kutu228",  (146,146,72), 73,73,36),
("kutu228",  (146,146,144), 73,73,36),
("kutu228",  (146,146,180), 73,73,36),
("kutu228",  (219,0,0), 73,73,36),
("kutu228",  (219,0,36), 73,73,36),
("kutu228",  (219,0,72), 73,73,36),
("kutu228",  (219,0,108), 73,73,36),
("kutu228",  (219,0,144), 73,73,36),
("kutu228",  (219,0,180), 73,73,36),
("kutu228",  (219,73,0), 73,73,36),
("kutu228",  (219,73,36), 73,73,36),
("kutu228",  (219,73,108), 73,73,36),
("kutu228",  (219,73,144), 73,73,36),
("kutu228",  (219,73,180), 73,73,36),
("kutu228",  (219,146,0), 73,73,36),
("kutu228",  (219,146,36), 73,73,36),
("kutu228",  (219,146,72), 73,73,36),
("kutu228",  (219,146,108), 73,73,36),
("kutu228",  (219,146,144), 73,73,36),
("kutu228",  (219,146,180), 73,73,36),
("kutu228",  (292,0,0), 73,73,36),
("kutu228",  (292,0,36), 73,73,36),
("kutu230",  (292,0,72), 53,68,44),
("kutu230",  (292,0,116), 53,68,44),
("kutu230",  (292,0,160), 53,68,44),
("kutu230",  (292,73,44), 53,68,44),
("kutu230",  (292,73,88), 53,68,44),
("kutu230",  (292,73,132), 53,68,44),
("kutu230",  (292,73,176), 53,68,44),
("kutu230",  (292,141,0), 53,68,44),
("kutu230",  (292,141,44), 53,68,44),
("kutu230",  (292,141,88), 53,68,44),
("kutu230",  (292,141,132), 53,68,44),
("kutu230",  (292,141,176), 53,68,44),
("kutu230",  (345,73,0), 53,68,44),
("kutu230",  (345,73,44), 53,68,44),
("kutu230",  (345,73,88), 53,68,44),
("kutu230",  (345,73,132), 53,68,44),
("kutu230",  (345,73,176), 53,68,44),
("kutu230",  (345,141,44), 53,68,44),
("kutu230",  (345,141,88), 53,68,44),
("kutu230",  (345,141,176), 53,68,44),
("kutu230",  (365,0,0), 53,68,44),
("kutu230",  (365,0,44), 53,68,44),
("kutu230",  (365,0,88), 53,68,44),
("kutu230",  (365,0,132), 53,68,44),
("kutu230",  (365,0,176), 53,68,44),
("kutu230",  (398,73,0), 53,68,44),
("kutu230",  (398,73,44), 53,68,44),
("kutu230",  (398,73,88), 53,68,44),
("kutu230",  (398,73,132), 53,68,44),
("kutu230",  (398,73,176), 53,68,44),
("kutu230",  (398,141,0), 53,68,44),
("kutu230",  (398,141,44), 53,68,44),
("kutu230",  (398,141,88), 53,68,44),
("kutu230",  (398,141,132), 53,68,44),
("kutu230",  (398,141,176), 53,68,44),
("kutu230",  (418,0,0), 53,68,44),
("kutu230",  (418,0,44), 53,68,44),
("kutu230",  (418,0,88), 53,68,44),
("kutu230",  (418,0,176), 53,68,44),
("kutu230",  (451,73,0), 53,68,44),
("kutu230",  (451,73,44), 53,68,44),
("kutu230",  (451,73,132), 53,68,44),
("kutu230",  (451,73,176), 53,68,44),
("kutu230",  (451,141,44), 53,68,44),
("kutu230",  (451,141,88), 53,68,44),
("kutu230",  (451,141,132), 53,68,44),
("kutu230",  (451,141,176), 53,68,44),
("kutu229",  (504,73,0), 49,87,26),
("kutu229",  (504,73,26), 49,87,26),
("kutu229",  (504,73,52), 49,87,26),
("kutu229",  (504,73,78), 49,87,26),
("kutu229",  (504,73,104), 49,87,26),
("kutu229",  (504,73,130), 49,87,26),
("kutu229",  (504,73,156), 49,87,26),
("kutu229",  (504,73,182), 49,87,26),
("kutu230",  (0,73,144), 53,68,44),
("kutu228",  (0,0,72), 73,73,36),
("kutu229",  (0,146,72), 49,87,26),
("kutu229",  (0,146,98), 49,87,26),
("kutu229",  (73,146,108), 49,87,26),
("kutu230",  (146,0,144), 53,68,44),
("kutu230",  (292,73,0), 53,68,44),
("kutu229",  (122,146,108), 49,87,26),
("kutu229",  (345,141,0), 49,87,26),
("kutu229",  (345,141,132), 49,87,26),
("kutu229",  (451,141,0), 49,87,26),
("kutu228",  (73,73,0), 73,73,36),
("kutu228",  (146,73,36), 73,73,36),
("kutu228",  (219,73,72), 73,73,36),
("kutu228",  (418,0,132), 73,73,36),
("kutu230",  (451,73,88), 53,68,44),
("kutu230",  (471,0,0), 53,68,44),
("kutu230",  (471,0,44), 53,68,44),
("kutu228",  (471,0,88), 73,73,36),
("kutu228",  (504,160,0), 73,73,36),
("kutu228",  (504,160,36), 73,73,36),
("kutu228",  (504,160,72), 73,73,36),
("kutu228",  (504,160,108), 73,73,36),
("kutu228",  (504,160,144), 73,73,36),
("kutu228",  (504,160,180), 73,73,36),
("kutu228",  (0,0,0), 73,73,36),
("kutu228",  (0,0,36), 73,73,36),
("kutu228",  (0,0,108), 73,73,36),
("kutu228",  (0,0,144), 73,73,36),
("kutu228",  (0,0,180), 73,73,36),
("kutu228",  (0,73,0), 73,73,36),
("kutu228",  (0,73,36), 73,73,36),
("kutu228",  (0,73,108), 73,73,36),
("kutu228",  (0,73,144), 73,73,36),
("kutu228",  (0,146,0), 73,73,36),
("kutu228",  (0,146,72), 73,73,36),
("kutu228",  (0,146,108), 73,73,36),
("kutu228",  (0,146,144), 73,73,36),
("kutu228",  (0,146,180), 73,73,36),
("kutu228",  (73,0,0), 73,73,36),
("kutu228",  (73,0,36), 73,73,36),
("kutu228",  (73,0,72), 73,73,36),
("kutu228",  (73,0,108), 73,73,36),
("kutu228",  (73,0,144), 73,73,36),
("kutu228",  (73,0,180), 73,73,36),
("kutu228",  (73,73,0), 73,73,36),
("kutu228",  (73,73,72), 73,73,36),
("kutu228",  (73,73,108), 73,73,36),
("kutu228",  (73,73,144), 73,73,36),
("kutu228",  (73,73,180), 73,73,36),
("kutu228",  (73,146,0), 73,73,36),
("kutu228",  (73,146,72), 73,73,36),
("kutu228",  (73,146,108), 73,73,36),
("kutu228",  (73,146,180), 73,73,36),
("kutu228",  (146,0,0), 73,73,36),
("kutu228",  (146,0,36), 73,73,36),
("kutu228",  (146,0,72), 73,73,36),
("kutu228",  (146,0,108), 73,73,36),
("kutu228",  (146,0,144), 73,73,36),
("kutu228",  (146,0,180), 73,73,36),
("kutu228",  (146,73,36), 73,73,36),
("kutu228",  (146,73,72), 73,73,36),
("kutu228",  (146,73,108), 73,73,36),
("kutu228",  (146,73,144), 73,73,36),
("kutu228",  (146,73,180), 73,73,36),
("kutu228",  (146,146,36), 73,73,36),
("kutu228",  (146,146,72), 73,73,36),
("kutu228",  (146,146,144), 73,73,36),
("kutu228",  (146,146,180), 73,73,36),
("kutu228",  (219,0,0), 73,73,36),
("kutu228",  (219,0,36), 73,73,36),
("kutu228",  (219,0,72), 73,73,36),
("kutu228",  (219,0,108), 73,73,36),
("kutu228",  (219,0,144), 73,73,36),
("kutu228",  (219,0,180), 73,73,36),
("kutu228",  (219,73,0), 73,73,36),
("kutu228",  (219,73,36), 73,73,36),
("kutu228",  (219,73,72), 73,73,36),
("kutu228",  (219,73,108), 73,73,36),
("kutu228",  (219,73,144), 73,73,36),
("kutu228",  (219,146,0), 73,73,36),
("kutu228",  (219,146,72), 73,73,36),
("kutu228",  (219,146,144), 73,73,36),
("kutu228",  (292,0,0), 73,73,36),
("kutu230",  (292,0,72), 53,68,44),
("kutu230",  (292,0,116), 53,68,44),
("kutu230",  (292,0,160), 53,68,44),
("kutu230",  (292,73,0), 53,68,44),
("kutu230",  (292,73,44), 53,68,44),
("kutu230",  (292,73,88), 53,68,44),
("kutu230",  (292,73,132), 53,68,44),
("kutu230",  (292,73,176), 53,68,44),
("kutu230",  (292,141,0), 53,68,44),
("kutu230",  (292,141,88), 53,68,44),
("kutu230",  (292,141,176), 53,68,44),
("kutu230",  (345,73,44), 53,68,44),
("kutu230",  (345,73,88), 53,68,44),
("kutu230",  (345,73,132), 53,68,44),
("kutu230",  (345,73,176), 53,68,44),
("kutu230",  (345,141,0), 53,68,44),
("kutu230",  (345,141,44), 53,68,44),
("kutu230",  (365,0,0), 53,68,44),
("kutu230",  (365,0,44), 53,68,44),
("kutu230",  (365,0,88), 53,68,44),
("kutu230",  (365,0,132), 53,68,44),
("kutu230",  (365,0,176), 53,68,44),
("kutu230",  (398,73,0), 53,68,44),
("kutu230",  (398,73,44), 53,68,44),
("kutu230",  (398,73,88), 53,68,44),
("kutu230",  (398,73,132), 53,68,44),
("kutu230",  (398,73,176), 53,68,44),
("kutu230",  (398,141,44), 53,68,44),
("kutu230",  (398,141,88), 53,68,44),
("kutu230",  (398,141,132), 53,68,44),
("kutu230",  (398,141,176), 53,68,44),
("kutu230",  (418,0,0), 53,68,44),
("kutu230",  (418,0,44), 53,68,44),
("kutu230",  (418,0,176), 53,68,44),
("kutu230",  (451,73,0), 53,68,44),
("kutu230",  (451,73,44), 53,68,44),
("kutu230",  (451,73,88), 53,68,44),
("kutu230",  (451,73,132), 53,68,44),
("kutu230",  (451,73,176), 53,68,44),
("kutu230",  (451,141,0), 53,68,44),
("kutu230",  (451,141,44), 53,68,44),
("kutu230",  (451,141,88), 53,68,44),
("kutu230",  (451,141,132), 53,68,44),
("kutu230",  (451,141,176), 53,68,44),
("kutu229",  (504,73,26), 49,87,26),
("kutu229",  (504,73,52), 49,87,26),
("kutu229",  (504,73,78), 49,87,26),
("kutu229",  (504,73,104), 49,87,26),
("kutu229",  (504,73,130), 49,87,26),
("kutu229",  (504,73,156), 49,87,26),
("kutu229",  (504,73,182), 49,87,26),
("kutu229",  (146,146,108), 49,87,26),
("kutu228",  (418,0,132), 73,73,36),
("kutu229",  (219,146,36), 49,87,26),
("kutu229",  (345,141,88), 49,87,26),
("kutu229",  (345,141,176), 49,87,26),
("kutu228",  (0,0,72), 73,73,36),
("kutu230",  (471,0,44), 53,68,44),
("kutu228",  (146,73,0), 73,73,36),
("kutu228",  (471,0,88), 73,73,36),
("kutu230",  (504,160,0), 53,68,44),
("kutu229",  (0,146,36), 49,87,26),
("kutu228",  (0,73,72), 73,73,36),
("kutu229",  (49,146,36), 49,87,26),
("kutu229",  (73,146,144), 49,87,26),
("kutu229",  (146,146,0), 49,87,26),
("kutu229",  (195,146,108), 49,87,26),
("kutu229",  (219,73,180), 49,87,26),
("kutu229",  (292,141,44), 49,87,26),
("kutu229",  (292,141,132), 49,87,26),
("kutu228",  (0,73,180), 73,73,36),
("kutu228",  (73,73,36), 73,73,36),
("kutu229",  (345,141,114), 49,87,26),
("kutu229",  (345,141,140), 49,87,26),
("kutu228",  (219,160,180), 73,73,36),
("kutu229",  (398,141,0), 49,87,26),
("kutu229",  (504,73,0), 49,87,26),
("kutu230",  (345,73,0), 53,68,44),
("kutu230",  (418,0,88), 53,68,44),
("kutu228",  (292,0,36), 73,73,36),
("kutu228",  (471,0,0), 73,73,36),
("kutu228",  (504,160,44), 73,73,36),
("kutu230",  (504,160,80), 53,68,44),
("kutu230",  (504,160,124), 53,68,44),
("kutu230",  (504,160,168), 53,68,44),
("kutu228",  (0,0,0), 73,73,36),
("kutu228",  (0,0,72), 73,73,36),
("kutu228",  (0,0,108), 73,73,36),
("kutu228",  (0,0,144), 73,73,36),
("kutu228",  (0,73,0), 73,73,36),
("kutu228",  (0,73,108), 73,73,36),
("kutu228",  (0,73,144), 73,73,36),
("kutu228",  (0,146,0), 73,73,36),
("kutu228",  (0,146,36), 73,73,36),
("kutu228",  (0,146,72), 73,73,36),
("kutu228",  (0,146,108), 73,73,36),
("kutu228",  (0,146,144), 73,73,36),
("kutu228",  (0,146,180), 73,73,36),
("kutu228",  (73,0,36), 73,73,36),
("kutu228",  (73,0,108), 73,73,36),
("kutu228",  (73,0,144), 73,73,36),
("kutu228",  (73,0,180), 73,73,36),
("kutu228",  (73,73,0), 73,73,36),
("kutu228",  (73,73,36), 73,73,36),
("kutu228",  (73,73,72), 73,73,36),
("kutu228",  (73,73,108), 73,73,36),
("kutu228",  (73,73,180), 73,73,36),
("kutu228",  (73,146,36), 73,73,36),
("kutu228",  (73,146,72), 73,73,36),
("kutu228",  (73,146,108), 73,73,36),
("kutu228",  (146,0,0), 73,73,36),
("kutu228",  (146,0,36), 73,73,36),
("kutu228",  (146,0,144), 73,73,36),
("kutu228",  (146,73,72), 73,73,36),
("kutu228",  (146,73,108), 73,73,36),
("kutu228",  (146,73,144), 73,73,36),
("kutu228",  (146,73,180), 73,73,36),
("kutu228",  (146,146,0), 73,73,36),
("kutu228",  (146,146,36), 73,73,36),
("kutu228",  (146,146,108), 73,73,36),
("kutu228",  (219,0,0), 73,73,36),
("kutu228",  (219,0,36), 73,73,36),
("kutu228",  (219,0,72), 73,73,36),
("kutu228",  (219,0,108), 73,73,36),
("kutu228",  (219,0,180), 73,73,36),
("kutu228",  (219,73,0), 73,73,36),
("kutu228",  (219,73,108), 73,73,36),
("kutu228",  (219,73,144), 73,73,36),
("kutu228",  (219,73,180), 73,73,36),
("kutu228",  (219,146,0), 73,73,36),
("kutu228",  (219,146,36), 73,73,36),
("kutu228",  (219,146,72), 73,73,36),
("kutu228",  (219,146,108), 73,73,36),
("kutu228",  (219,146,144), 73,73,36),
("kutu228",  (219,146,180), 73,73,36),
("kutu228",  (292,0,0), 73,73,36),
("kutu228",  (292,0,36), 73,73,36),
("kutu230",  (292,0,72), 53,68,44),
("kutu230",  (292,0,116), 53,68,44),
("kutu230",  (292,0,160), 53,68,44),
("kutu230",  (292,73,0), 53,68,44),
("kutu230",  (292,73,44), 53,68,44),
("kutu230",  (292,73,88), 53,68,44),
("kutu230",  (292,73,132), 53,68,44),
("kutu230",  (292,73,176), 53,68,44),
("kutu230",  (292,141,0), 53,68,44),
("kutu230",  (292,141,44), 53,68,44),
("kutu230",  (292,141,88), 53,68,44),
("kutu230",  (292,141,132), 53,68,44),
("kutu230",  (292,141,176), 53,68,44),
("kutu230",  (345,73,44), 53,68,44),
("kutu230",  (345,73,88), 53,68,44),
("kutu230",  (345,73,132), 53,68,44),
("kutu230",  (345,73,176), 53,68,44),
("kutu230",  (345,141,0), 53,68,44),
("kutu230",  (345,141,44), 53,68,44),
("kutu230",  (345,141,88), 53,68,44),
("kutu230",  (365,0,0), 53,68,44),
("kutu230",  (365,0,88), 53,68,44),
("kutu230",  (365,0,132), 53,68,44),
("kutu230",  (398,73,0), 53,68,44),
("kutu230",  (398,73,44), 53,68,44),
("kutu230",  (398,73,88), 53,68,44),
("kutu230",  (398,73,176), 53,68,44),
("kutu230",  (398,141,0), 53,68,44),
("kutu230",  (398,141,44), 53,68,44),
("kutu230",  (398,141,88), 53,68,44),
("kutu230",  (398,141,132), 53,68,44),
("kutu230",  (418,0,44), 53,68,44),
("kutu230",  (418,0,132), 53,68,44),
("kutu230",  (451,73,0), 53,68,44),
("kutu230",  (451,73,44), 53,68,44),
("kutu230",  (451,73,132), 53,68,44),
("kutu230",  (451,73,176), 53,68,44),
("kutu230",  (451,141,0), 53,68,44),
("kutu230",  (451,141,88), 53,68,44),
("kutu230",  (451,141,132), 53,68,44),
("kutu229",  (504,73,0), 49,87,26),
("kutu229",  (504,73,26), 49,87,26),
("kutu229",  (504,73,78), 49,87,26),
("kutu229",  (504,73,130), 49,87,26),
("kutu229",  (504,73,156), 49,87,26),
("kutu228",  (0,0,180), 73,73,36),
("kutu229",  (73,146,180), 49,87,26),
("kutu229",  (146,146,144), 49,87,26),
("kutu229",  (398,141,176), 49,87,26),
("kutu228",  (0,73,72), 73,73,36),
("kutu229",  (451,141,44), 49,87,26),
("kutu228",  (73,0,72), 73,73,36),
("kutu228",  (73,73,144), 73,73,36),
("kutu230",  (398,73,132), 53,68,44),
("kutu228",  (418,0,0), 73,73,36),
("kutu228",  (491,0,0), 73,73,36),
("kutu230",  (451,73,88), 53,68,44),
("kutu228",  (491,0,72), 73,73,36),
("kutu230",  (491,0,108), 53,68,44),
("kutu228",  (491,0,152), 73,73,36),
("kutu230",  (504,160,44), 53,68,44),
("kutu229",  (0,0,36), 49,87,26),
("kutu229",  (146,146,170), 49,87,26),
("kutu229",  (504,73,52), 49,87,26),
("kutu230",  (345,73,0), 53,68,44),
("kutu230",  (418,0,88), 53,68,44),
("kutu228",  (504,160,88), 73,73,36),
("kutu228",  (504,160,124), 73,73,36),
("kutu229",  (73,146,0), 49,87,26),
("kutu229",  (345,141,158), 49,87,26),
("kutu229",  (345,141,184), 49,87,26),
("kutu228",  (0,73,180), 73,73,36),
("kutu230",  (365,0,44), 53,68,44),
("kutu230",  (365,0,176), 53,68,44),
("kutu228",  (219,0,144), 73,73,36),
("kutu230",  (418,0,176), 53,68,44),
("kutu230",  (504,160,0), 53,68,44),
("kutu229",  (73,146,144), 49,87,26),
("kutu229",  (146,146,72), 49,87,26),
("kutu229",  (345,141,132), 49,87,26),
("kutu229",  (447,141,176), 49,87,26),
("kutu229",  (504,73,104), 49,87,26),
("kutu229",  (504,73,182), 49,87,26),
("kutu228",  (73,0,0), 73,73,36),
("kutu228",  (146,0,72), 73,73,36),
("kutu228",  (146,0,108), 73,73,36),
("kutu228",  (146,0,180), 73,73,36),
("kutu228",  (146,73,0), 73,73,36),
("kutu228",  (146,73,36), 73,73,36),
("kutu228",  (219,73,36), 73,73,36),
("kutu230",  (504,160,160), 53,68,44),
("kutu228",  (219,73,72), 73,73,36),
("kutu228",  (491,0,36), 73,73,36),
("kutu228",  (0,0,0), 73,73,36),
("kutu228",  (0,0,36), 73,73,36),
("kutu228",  (0,0,72), 73,73,36),
("kutu228",  (0,0,108), 73,73,36),
("kutu228",  (0,0,144), 73,73,36),
("kutu228",  (0,0,180), 73,73,36),
("kutu228",  (0,73,0), 73,73,36),
("kutu228",  (0,73,36), 73,73,36),
("kutu228",  (0,73,72), 73,73,36),
("kutu228",  (0,73,108), 73,73,36),
("kutu228",  (0,73,144), 73,73,36),
("kutu228",  (0,73,180), 73,73,36),
("kutu228",  (0,146,0), 73,73,36),
("kutu228",  (0,146,36), 73,73,36),
("kutu228",  (0,146,72), 73,73,36),
("kutu228",  (0,146,108), 73,73,36),
("kutu228",  (0,146,144), 73,73,36),
("kutu228",  (0,146,180), 73,73,36),
("kutu228",  (73,0,0), 73,73,36),
("kutu228",  (73,0,36), 73,73,36),
("kutu228",  (73,0,72), 73,73,36),
("kutu228",  (73,0,108), 73,73,36),
("kutu228",  (73,0,144), 73,73,36),
("kutu228",  (73,0,180), 73,73,36),
("kutu228",  (73,73,0), 73,73,36),
("kutu228",  (73,73,36), 73,73,36),
("kutu228",  (73,73,72), 73,73,36),
("kutu228",  (73,73,108), 73,73,36),
("kutu228",  (73,73,144), 73,73,36),
("kutu228",  (73,73,180), 73,73,36),
("kutu228",  (73,146,0), 73,73,36),
("kutu228",  (73,146,36), 73,73,36),
("kutu228",  (73,146,72), 73,73,36),
("kutu228",  (73,146,108), 73,73,36),
("kutu228",  (73,146,144), 73,73,36),
("kutu228",  (73,146,180), 73,73,36),
("kutu228",  (146,0,0), 73,73,36),
("kutu228",  (146,0,36), 73,73,36),
("kutu228",  (146,0,72), 73,73,36),
("kutu228",  (146,0,108), 73,73,36),
("kutu228",  (146,0,144), 73,73,36),
("kutu228",  (146,0,180), 73,73,36),
("kutu228",  (146,73,0), 73,73,36),
("kutu228",  (146,73,36), 73,73,36),
("kutu228",  (146,73,72), 73,73,36),
("kutu228",  (146,73,108), 73,73,36),
("kutu228",  (146,73,144), 73,73,36),
("kutu228",  (146,73,180), 73,73,36),
("kutu228",  (146,146,0), 73,73,36),
("kutu228",  (146,146,36), 73,73,36),
("kutu228",  (146,146,72), 73,73,36),
("kutu228",  (146,146,108), 73,73,36),
("kutu228",  (146,146,144), 73,73,36),
("kutu228",  (146,146,180), 73,73,36),
("kutu228",  (219,0,0), 73,73,36),
("kutu228",  (219,0,36), 73,73,36),
("kutu228",  (219,0,72), 73,73,36),
("kutu228",  (219,0,108), 73,73,36),
("kutu228",  (219,0,144), 73,73,36),
("kutu228",  (219,0,180), 73,73,36),
("kutu228",  (219,73,0), 73,73,36),
("kutu228",  (219,73,36), 73,73,36),
("kutu228",  (219,73,72), 73,73,36),
("kutu228",  (219,73,108), 73,73,36),
("kutu228",  (219,73,144), 73,73,36),
("kutu228",  (219,73,180), 73,73,36),
("kutu228",  (219,146,0), 73,73,36),
("kutu228",  (219,146,36), 73,73,36),
("kutu228",  (219,146,72), 73,73,36),
("kutu228",  (219,146,108), 73,73,36),
("kutu228",  (219,146,144), 73,73,36),
("kutu228",  (219,146,180), 73,73,36),
("kutu228",  (292,0,0), 73,73,36),
("kutu228",  (292,0,36), 73,73,36),
("kutu230",  (292,0,72), 53,68,44),
("kutu230",  (292,0,116), 53,68,44),
("kutu230",  (292,0,160), 53,68,44),
("kutu230",  (292,73,0), 53,68,44),
("kutu230",  (292,73,44), 53,68,44),
("kutu230",  (292,73,88), 53,68,44),
("kutu230",  (292,73,132), 53,68,44),
("kutu230",  (292,73,176), 53,68,44),
("kutu230",  (292,141,0), 53,68,44),
("kutu230",  (292,141,44), 53,68,44),
("kutu230",  (292,141,88), 53,68,44),
("kutu230",  (292,141,132), 53,68,44),
("kutu230",  (292,141,176), 53,68,44),
("kutu230",  (345,73,0), 53,68,44),
("kutu230",  (345,73,44), 53,68,44),
("kutu230",  (345,73,88), 53,68,44),
("kutu230",  (345,73,132), 53,68,44),
("kutu230",  (345,73,176), 53,68,44),
("kutu230",  (345,141,0), 53,68,44),
("kutu230",  (345,141,44), 53,68,44),
("kutu230",  (345,141,88), 53,68,44),
("kutu230",  (345,141,132), 53,68,44),
("kutu230",  (345,141,176), 53,68,44),
("kutu230",  (365,0,0), 53,68,44),
("kutu230",  (365,0,44), 53,68,44),
("kutu230",  (365,0,88), 53,68,44),
("kutu230",  (365,0,132), 53,68,44),
("kutu230",  (365,0,176), 53,68,44),
("kutu230",  (398,73,0), 53,68,44),
("kutu230",  (398,73,44), 53,68,44),
("kutu230",  (398,73,88), 53,68,44),
("kutu230",  (398,73,132), 53,68,44),
("kutu230",  (398,73,176), 53,68,44),
("kutu230",  (398,141,0), 53,68,44),
("kutu230",  (398,141,44), 53,68,44),
("kutu230",  (398,141,88), 53,68,44),
("kutu230",  (398,141,132), 53,68,44),
("kutu230",  (398,141,176), 53,68,44),
("kutu230",  (418,0,0), 53,68,44),
("kutu230",  (418,0,44), 53,68,44),
("kutu230",  (418,0,88), 53,68,44),
("kutu230",  (418,0,132), 53,68,44),
("kutu230",  (418,0,176), 53,68,44),
("kutu230",  (451,73,0), 53,68,44),
("kutu230",  (451,73,44), 53,68,44),
("kutu230",  (451,73,88), 53,68,44),
("kutu230",  (451,73,132), 53,68,44),
("kutu230",  (451,73,176), 53,68,44),
("kutu230",  (451,141,0), 53,68,44),
("kutu230",  (451,141,44), 53,68,44),
("kutu230",  (451,141,88), 53,68,44),
("kutu230",  (451,141,132), 53,68,44),
("kutu230",  (451,141,176), 53,68,44),
("kutu229",  (504,73,0), 49,87,26),
("kutu229",  (504,73,26), 49,87,26),
("kutu229",  (504,73,52), 49,87,26),
("kutu229",  (504,73,78), 49,87,26),
("kutu229",  (504,73,104), 49,87,26),
("kutu229",  (504,73,130), 49,87,26),
("kutu229",  (504,73,156), 49,87,26),
("kutu229",  (504,73,182), 49,87,26),
