 1 108 0 76 0 30 1 40
 2 110 0 43 1 25 1 33
 3 92 1 81 1 55 1 39
 1 49 0 25 1 21 1 41
 2 60 1 51 1 41 1 53
 3 103 1 76 1 64 1 44
 1 97 0 81 0 27 1 41
 2 102 0 78 0 39 1 42
 3 113 0 46 1 36 1 44
 1 113 0 92 0 33 1 67
 2 52 1 37 1 28 1 60
 3 57 1 33 1 29 1 70
 1 88 0 54 1 39 1 51
 2 94 0 54 1 36 1 38
 3 87 0 77 1 43 1 47
 1 86 1 84 1 45 1 56
 2 81 0 45 1 34 1 56
 3 70 1 54 1 37 1 35
 1 118 0 79 1 51 1 37
 2 86 0 32 1 31 1 44
 3 64 1 58 1 52 1 45
 1 75 1 58 1 57 1 58
 2 57 1 37 1 30 1 66
 3 79 0 74 0 35 1 56
 1 90 1 70 1 63 1 29
 2 84 0 78 0 28 1 32
 3 94 0 85 0 39 1 40
 1 68 0 66 0 31 1 44
 2 120 0 34 1 26 1 41
 3 95 1 76 1 60 1 45
 1 74 1 63 1 61 1 33
 2 71 0 60 0 25 1 36
 3 106 1 80 1 59 1 33
 1 95 1 80 1 57 1 38
 2 112 0 87 0 23 1 29
 3 116 0 41 1 40 1 37
 1 52 0 36 1 25 1 112
 2 63 0 37 1 21 1 76
 3 100 0 61 1 36 1 96
 1 68 0 48 1 31 1 45
 2 104 1 80 1 63 1 41
 3 82 0 46 0 21 1 46
 1 100 0 44 1 37 1 32
 2 90 1 78 1 55 1 49
 3 65 1 57 1 42 1 38
 1 43 1 40 1 39 1 49
 2 97 0 76 1 40 1 51
 3 67 1 63 1 47 1 59
 1 72 0 49 1 35 1 72
 2 75 1 66 1 47 1 76
 3 78 0 30 1 22 1 65
 1 104 0 55 1 30 1 25
 2 92 1 89 1 73 1 24
 3 88 0 88 0 43 1 33
 1 60 0 45 1 26 1 40
 2 71 1 43 1 39 1 40
 3 99 1 71 1 64 1 50
 1 97 1 77 1 66 1 28
 2 81 1 69 1 69 1 32
 3 109 0 53 0 24 1 28
 1 109 1 93 1 72 1 27
 2 95 0 67 0 32 1 26
 3 119 0 45 1 36 1 26
 1 89 1 78 1 50 1 29
 2 73 1 65 1 46 1 51
 3 94 0 66 1 39 1 36
 1 84 0 81 0 23 1 50
 2 115 1 72 1 64 1 34
 3 77 0 49 1 25 1 44
 1 113 0 80 0 29 1 35
 2 98 1 65 1 62 1 34
 3 60 1 59 1 46 1 45
 1 75 0 54 1 35 1 47
 2 107 0 60 1 49 1 45
 3 70 1 67 1 42 1 47
 1 86 0 71 1 41 1 46
 2 75 1 58 1 58 1 41
 3 100 0 81 0 27 1 37
 1 118 0 66 1 47 1 39
 2 99 0 56 0 25 1 34
 3 91 1 83 1 48 1 30
 1 62 1 59 1 52 1 32
 2 54 1 52 1 50 1 39
 3 102 1 69 1 65 1 40
 1 91 1 58 1 57 1 40
 2 92 1 78 1 53 1 33
 3 112 0 48 1 28 1 36
 1 64 0 53 1 32 1 154
 2 51 1 42 1 28 1 117
 3 49 1 32 1 30 1 134
 1 70 1 63 1 49 1 45
 2 84 1 54 1 49 1 42
 3 89 0 70 1 42 1 42
 1 95 0 76 1 44 1 57
 2 81 0 47 1 34 1 58
 3 71 0 52 1 30 1 40
 1 40 1 36 1 21 1 84
 2 76 0 45 1 31 1 103
 3 63 1 54 1 51 1 95
 1 68 0 35 1 27 1 47
 2 118 0 57 1 43 1 54
 3 73 0 72 0 36 1 59
 1 100 0 33 1 31 1 46
 2 84 0 68 1 42 1 58
 3 95 0 84 0 31 1 46
 1 41 1 39 1 26 1 57
 2 110 0 40 1 34 1 70
 3 94 1 77 1 52 1 45
 1 98 0 73 1 44 1 25
 2 60 1 60 1 38 1 37
 3 105 1 73 1 60 1 37
 1 104 0 94 1 50 1 34
 2 102 0 87 0 36 1 25
 3 115 0 42 1 33 1 34
 1 89 1 56 1 45 1 97
 2 53 1 37 1 34 1 69
 3 54 0 35 1 25 1 77
 1 85 1 77 1 62 1 28
 2 94 0 63 1 32 1 39
 3 83 1 75 1 45 1 40
 1 109 1 80 1 68 1 35
 2 90 0 45 1 31 1 37
 3 66 1 56 1 34 1 37
 1 76 1 74 1 50 1 50
 2 86 0 40 1 29 1 61
 3 66 1 55 1 48 1 57
 1 82 1 80 1 71 1 35
 2 66 0 37 1 27 1 49
 3 77 0 76 0 31 1 57
 1 114 0 67 0 25 1 61
 2 92 0 79 0 25 1 44
 3 89 0 87 0 36 1 37
 1 63 0 55 1 31 1 51
 2 120 0 43 1 23 1 39
 3 97 1 72 1 57 1 50
 1 86 0 58 1 36 1 37
 2 71 0 69 0 22 1 37
 3 108 0 78 1 54 1 42
 1 118 0 54 1 42 1 51
 2 112 0 95 0 20 1 41
 3 118 0 38 1 37 1 45
 1 59 1 49 1 48 1 43
 2 79 1 63 1 46 1 54
 3 95 0 58 1 38 1 56
 1 91 0 54 1 45 1 32
 2 105 1 77 1 72 1 24
 3 79 1 78 1 48 1 30
 1 60 1 40 1 32 1 64
 2 98 1 75 1 55 1 40
 3 60 1 59 1 39 1 64
 1 66 1 64 1 36 1 47
 2 97 1 73 1 49 1 49
 3 69 1 60 1 43 1 33
 1 96 0 72 0 31 1 61
 2 75 1 72 1 47 1 56
 3 80 0 25 1 20 1 70
 1 78 0 37 1 27 1 63
 2 89 0 70 0 25 1 52
 3 90 0 84 0 41 1 55
 1 99 0 68 0 23 1 54
 2 68 1 52 1 40 1 53
 3 101 1 66 1 61 1 35
 1 100 0 94 0 28 1 40
 2 81 1 78 1 66 1 36
 3 111 0 49 0 21 1 38
 1 90 0 41 1 34 1 133
 2 64 0 32 1 28 1 131
 3 42 1 31 1 31 1 144
 1 85 0 73 1 40 1 39
 2 73 1 62 1 54 1 42
 3 90 0 63 1 41 1 43
 1 105 0 81 1 46 1 38
 2 115 1 81 1 61 1 22
 3 72 0 51 0 23 1 32
 1 76 1 52 1 46 1 74
 2 66 0 59 1 31 1 52
 3 62 1 55 1 44 1 69
 1 78 1 72 1 58 1 36
 2 107 1 57 1 57 1 37
 3 72 1 64 1 37 1 32
 1 109 1 68 1 64 1 28
 2 84 1 58 1 55 1 31
 3 96 0 83 0 24 1 42
 1 70 1 63 1 50 1 33
 2 100 0 53 1 34 1 39
 3 93 0 78 1 45 1 48
 1 82 1 76 1 59 1 32
 2 60 1 51 1 50 1 29
 3 104 1 66 1 61 1 33
 1 114 0 54 0 20 1 42
 2 92 1 87 1 50 1 46
 3 114 0 43 1 26 1 51
 1 55 0 50 1 26 1 160
 2 48 1 42 1 37 1 167
 3 47 1 34 1 26 1 149
 1 87 0 45 1 32 1 47
 2 84 1 63 1 46 1 52
 3 84 1 67 1 44 1 46
 1 119 0 41 1 38 1 57
 2 90 0 44 1 35 1 79
 3 67 0 55 0 27 1 85
 1 60 1 44 1 36 1 74
 2 76 1 42 1 40 1 81
 3 65 1 49 1 48 1 83
 1 91 0 50 1 32 1 52
 2 118 0 66 1 40 1 48
 3 75 0 69 0 32 1 44
 1 56 0 32 1 28 1 46
 2 92 0 68 1 39 1 69
 3 90 0 86 0 29 1 48
 1 99 1 64 1 62 1 38
 2 110 0 43 1 37 1 30
 3 96 1 73 1 50 1 28
 1 96 1 95 1 68 1 28
 2 69 1 61 1 35 1 24
 3 107 1 70 1 55 1 22
 1 90 0 73 1 37 1 44
 2 102 0 95 0 33 1 44
 3 117 0 38 1 30 1 39
 1 86 1 79 1 69 1 38
 2 53 1 46 1 31 1 47
 3 96 0 51 1 37 1 47
 1 101 0 81 0 24 1 50
 2 94 0 72 0 29 1 43
 3 79 1 72 1 47 1 44
 1 77 0 42 1 30 1 89
 2 98 0 45 1 28 1 95
 3 61 1 58 1 32 1 85
 1 73 0 73 0 36 1 74
 2 87 0 49 1 26 1 67
 3 68 1 53 1 44 1 53
 1 105 0 68 1 42 1 61
 2 75 0 37 1 24 1 53
 3 79 0 73 0 26 1 55
 1 64 1 48 1 46 1 79
 2 79 0 25 1 22 1 55
 3 89 0 85 0 33 1 66
 1 78 1 59 1 54 1 40
 2 120 0 52 0 20 1 57
 3 100 1 67 1 54 1 36
 1 110 0 60 1 55 1 23
 2 80 1 78 1 71 1 28
 3 110 0 75 1 50 1 22
 1 65 1 51 1 50 1 51
 2 113 0 78 0 28 1 56
 3 120 0 35 1 32 1 57
 1 83 1 71 1 46 1 43
 2 76 1 63 1 54 1 46
 3 91 0 56 1 40 1 31
 1 114 0 77 1 42 1 31
 2 105 1 81 1 74 1 23
 3 76 1 73 1 50 1 15
 1 55 0 37 1 22 1 117
 2 72 0 55 1 31 1 103
 3 61 1 56 1 36 1 99
 1 87 0 33 1 28 1 60
 2 97 1 70 1 57 1 44
 3 71 1 57 1 38 1 52
 1 119 0 34 1 28 1 39
 2 84 1 69 1 48 1 32
 3 97 1 82 1 78 1 27
 1 100 0 60 1 40 1 45
 2 89 0 67 1 34 1 44
 3 92 0 80 0 38 1 37
 1 95 0 92 0 46 1 32
 2 65 1 60 1 40 1 32
 3 103 1 62 1 59 1 32
 1 91 0 52 1 33 1 30
 2 87 1 81 1 63 1 26
 3 113 0 79 1 45 1 34
 1 86 1 65 1 57 1 66
 2 61 1 37 1 32 1 80
 3 39 1 33 1 27 1 92
 1 96 1 82 1 63 1 32
 2 74 1 63 1 59 1 33
 3 86 0 60 1 43 1 23
 1 78 0 69 1 37 1 26
 2 115 1 90 1 58 1 37
 3 68 0 53 0 20 1 37
 1 75 1 73 1 69 1 46
 2 66 1 56 1 40 1 55
 3 64 1 51 1 41 1 32
 1 101 0 69 0 20 1 50
 2 108 0 66 1 54 1 40
 3 74 0 62 1 33 1 49
 1 64 0 42 1 26 1 62
 2 92 1 58 1 52 1 53
 3 92 0 85 0 21 1 67
 1 74 0 60 1 32 1 48
 2 100 0 50 1 43 1 50
 3 95 0 74 1 42 1 42
 1 106 0 55 1 38 1 46
 2 69 1 50 1 48 1 42
 3 106 1 63 1 57 1 34
 1 51 1 46 1 44 1 64
 2 95 0 92 1 47 1 46
 3 116 0 39 1 23 1 44
 1 78 1 49 1 47 1 70
 2 46 1 45 1 43 1 75
 3 98 0 44 1 36 1 69